L:=[
<0, 4, 0, 40, 0, 570, 0, 9898, 0, 195216, 0, 4209084, 3, 14, 84, 607, 4993, 45009, 433807, 4399453, 46442487, 506453976, 5673429798, 65011948659, 0, 18, 0, 1384, 0, 181460, 0, 31197880, 0, 6324402672, 
0, 1432380307776>
,
<0, 3, 0, 25, 0, 320, 0, 5243, 0, 100380, 0, 2132856, 3, 12, 60, 373, 2783, 23759, 222701, 2227801, 23362683, 253963512, 2840657196, 32527565937, 0, 13, 0, 772, 0, 92970, 0, 15674204, 0, 3165039864, 0,
716306128032>
,
<0, 3, 0, 23, 0, 295, 0, 4984, 0, 97734, 0, 2105004, 2, 8, 44, 308, 2507, 22530, 216967, 2199888, 23221661, 253228082, 2836717798, 32505982085, 0, 10, 0, 698, 0, 90780, 0, 15599430, 0, 3162206628, 0, 
716190214872>
,
<0, 2, 0, 20, 0, 285, 0, 4949, 0, 97608, 0, 2104542, 2, 8, 44, 308, 2507, 22530, 216967, 2199888, 23221661, 253228082, 2836717798, 32505982085, 0, 9, 0, 692, 0, 90730, 0, 15598940, 0, 3162201336, 0, 
716190153888>
,
<0, 2, 0, 14, 0, 165, 0, 2639, 0, 50253, 0, 1066659, 2, 7, 32, 191, 1402, 11905, 111414, 1114062, 11681759, 126982850, 1420331497, 16263790724, 0, 7, 0, 389, 0, 46510, 0, 7837347, 0, 1582522578, 0, 
358153094508>
];
