L:=[
<0, 18, 0, 486, 0, 14580, 0, 459270, 0, 14880348, 0, 491051484, 9, 99, 1215, 
15795, 212139, 2907981, 40422321, 567624915, 8032730715, 114370886169, 
1636488060381, 23511619987101, 0, 164, 0, 47148, 0, 15454820, 0, 5361965980, 0, 
1919987703504, 0, 701459496193236>
,
<0, 10, 0, 246, 0, 7300, 0, 229670, 0, 7440300, 0, 245526204, 5, 51, 611, 7907, 
106095, 1454061, 20211357, 283813011, 4016366927, 57185447561, 818244043017, 
11755810030445, 0, 84, 0, 23596, 0, 7727700, 0, 2680987036, 0, 959993909904, 0, 
350729748948436>
,
<0, 10, 0, 198, 0, 5220, 0, 156870, 0, 5000940, 0, 164132892, 5, 43, 459, 5571, 
72495, 979893, 13537557, 189592947, 2679925743, 38138055633, 545585052897, 
7837758274797, 0, 68, 0, 16260, 0, 5178080, 0, 1788692836, 0, 640069202448, 0, 
233823831197352>
,
<0, 10, 0, 198, 0, 4900, 0, 136710, 0, 4113900, 0, 129981852, 5, 43, 443, 5091, 
62735, 811093, 10844741, 148467443, 2066863151, 29120656593, 413894654321, 
5921223054285, 0, 68, 0, 14444, 0, 4173380, 0, 1378853532, 0, 484904167248, 0, 
176005390542740>
,
<0, 6, 0, 126, 0, 3660, 0, 114870, 0, 3720276, 0, 122763564, 3, 27, 309, 3963, 
53073, 727101, 10105875, 141907059, 2008185033, 28592728257, 409122034335, 
5877905052117, 0, 44, 0, 11820, 0, 3864140, 0, 1340497564, 0, 479997013104, 0, 
175364875326036>
,
<0, 10, 0, 198, 0, 4900, 0, 134470, 0, 3912300, 0, 118302492, 5, 43, 443, 5059, 
61295, 771573, 9978981, 131755251, 1768715567, 24072915793, 331477381361, 
4609909414253, 0, 68, 0, 14244, 0, 3868800, 0, 1178306724, 0, 385074500688, 0, 
132112115817352>
,
<0, 6, 0, 102, 0, 2620, 0, 78470, 0, 2500596, 0, 82066908, 3, 23, 233, 2795, 
36273, 490017, 6768975, 94797027, 1339964441, 19069032293, 272792539275, 
3918879174293, 0, 36, 0, 8148, 0, 2589240, 0, 894348868, 0, 320034632976, 0, 
116911916025784>
,
<0, 6, 0, 90, 0, 2220, 0, 66570, 0, 2132676, 0, 70200900, 3, 21, 201, 2373, 
30813, 417675, 5784711, 81134997, 1147741581, 16339655391, 233788422651, 
3358823286075, 0, 32, 0, 6936, 0, 2213420, 0, 766160248, 0, 274288988232, 0, 
100208655754548>
,
<0, 6, 0, 90, 0, 2100, 0, 60270, 0, 1890756, 0, 61718580, 3, 21, 195, 2211, 
27873, 371475, 5100525, 71242011, 1005854145, 14307184311, 204627791745, 
2939366235381, 0, 32, 0, 6356, 0, 1955060, 0, 671502748, 0, 240069064032, 0, 
87686487167708>
,
<0, 6, 0, 102, 0, 2460, 0, 68390, 0, 2057076, 0, 64991388, 3, 23, 225, 2555, 
31393, 405617, 5422567, 74234275, 1033433145, 14560332773, 206947339987, 
2960611564037, 0, 36, 0, 7236, 0, 2086800, 0, 689427676, 0, 242452091376, 0, 
88002695338668>
,
<0, 6, 0, 102, 0, 2460, 0, 67270, 0, 1956276, 0, 59151708, 3, 23, 225, 2539, 
30673, 385857, 4989687, 65878179, 884359353, 12036462373, 165738703507, 
2304954744021, 0, 36, 0, 7140, 0, 1934600, 0, 589155812, 0, 192537282096, 0, 
66056058335784>
,
<0, 6, 0, 126, 0, 3660, 0, 114870, 0, 3720276, 0, 122763564, 3, 27, 309, 3963, 
53073, 727101, 10105875, 141907059, 2008185033, 28592728257, 409122034335, 
5877905052117, 0, 44, 0, 11820, 0, 3864140, 0, 1340497564, 0, 479997013104, 0, 
175364875326036>
,
<0, 6, 0, 102, 0, 2460, 0, 68390, 0, 2057076, 0, 64991388, 3, 23, 225, 2555, 
31393, 405617, 5422567, 74234275, 1033433145, 14560332773, 206947339987, 
2960611564037, 0, 36, 0, 7244, 0, 2086980, 0, 689430812, 0, 242452141776, 0, 
88002696123188>
,
<0, 6, 0, 102, 0, 2460, 0, 67270, 0, 1956276, 0, 59151708, 3, 23, 225, 2539, 
30673, 385857, 4989687, 65878179, 884359353, 12036462373, 165738703507, 
2304954744021, 0, 36, 0, 7140, 0, 1934600, 0, 589155812, 0, 192537282096, 0, 
66056058335784>
,
<0, 6, 0, 162, 0, 4860, 0, 153090, 0, 4960116, 0, 163683828, 3, 33, 405, 5265, 
70713, 969327, 13474107, 189208305, 2677576905, 38123628723, 545496020127, 
7837206662367, 0, 56, 0, 15720, 0, 5151620, 0, 1787322040, 0, 639995901336, 0, 
233819832065028>
,
<0, 6, 0, 114, 0, 2860, 0, 82530, 0, 2566116, 0, 83103636, 3, 25, 257, 3009, 
38053, 504399, 6883551, 95702577, 1347086789, 19124879235, 273229589251, 
3922295417807, 0, 40, 0, 8680, 0, 2642580, 0, 899450552, 0, 320516445720, 0, 
116957293298692>
,
<0, 6, 0, 90, 0, 1980, 0, 54810, 0, 1694196, 0, 55010340, 3, 21, 189, 2061, 
25353, 333675, 4554819, 63454077, 894874473, 12722303151, 181921039479, 
2612953833219, 0, 32, 0, 5784, 0, 1743680, 0, 597144856, 0, 213405268392, 0, 
77943943154616>
,
<0, 6, 0, 90, 0, 1900, 0, 48930, 0, 1416996, 0, 43977780, 3, 21, 185, 1929, 
22453, 281095, 3692055, 50056049, 693184421, 9738789531, 138207388795, 
1975595000559, 0, 32, 0, 5288, 0, 1426100, 0, 462555576, 0, 161895167112, 0, 
58692186078020>
,
<0, 6, 0, 90, 0, 1900, 0, 48090, 0, 1346436, 0, 40004580, 3, 21, 185, 1917, 
21933, 267315, 3396375, 44412957, 593121437, 8050137351, 110682668715, 
1538051050067, 0, 32, 0, 5208, 0, 1320720, 0, 395155992, 0, 128555434152, 0, 
44054497406392>
,
<0, 6, 0, 90, 0, 1860, 0, 45150, 0, 1225476, 0, 36105300, 3, 21, 183, 1851, 
20553, 244875, 3080913, 40397883, 546057201, 7544135031, 105859992813, 
1501964819997, 0, 32, 0, 4956, 0, 1198400, 0, 363897436, 0, 123679706112, 0, 
44321606521764>
,
<0, 6, 0, 90, 0, 1860, 0, 47250, 0, 1369116, 0, 42813540, 3, 21, 183, 1881, 
21723, 271935, 3588273, 48949713, 681841731, 9625504491, 137096373813, 
1964839795527, 0, 32, 0, 5160, 0, 1388060, 0, 455514808, 0, 160776717912, 0, 
58526023915524>
,
<0, 6, 0, 90, 0, 1860, 0, 44730, 0, 1172556, 0, 32501700, 3, 21, 183, 1845, 
20223, 234135, 2817153, 34892397, 442244919, 5714054451, 75063483333, 
1000599658491, 0, 32, 0, 4920, 0, 1109240, 0, 294161560, 0, 86130517032, 0, 
27109774532280>
,
<0, 4, 0, 66, 0, 1840, 0, 57470, 0, 1860264, 0, 61382244, 2, 15, 158, 1991, 
26562, 363621, 5053134, 70954083, 1004094086, 14296368605, 204561029994, 
2938952562953, 0, 24, 0, 5932, 0, 1932360, 0, 670252828, 0, 239998564704, 0, 
87682438514836>
,
<0, 4, 0, 48, 0, 1060, 0, 30170, 0, 945504, 0, 30859752, 2, 12, 101, 1115, 
13962, 185808, 2550459, 35621559, 502928642, 7153596632, 102313908699, 
1469683154585, 0, 18, 0, 3200, 0, 977820, 0, 335755420, 0, 120034590168, 0, 
43843244435672>
,
<0, 4, 0, 54, 0, 1240, 0, 33670, 0, 978264, 0, 29576316, 2, 13, 116, 1279, 
15362, 192999, 2495040, 32939643, 442181246, 6018235663, 82869364580, 
1152477408905, 0, 20, 0, 3588, 0, 967500, 0, 294580356, 0, 96268672800, 0, 
33028029595000>
,
<0, 4, 0, 54, 0, 1240, 0, 34230, 0, 1028664, 0, 32496156, 2, 13, 116, 1287, 
15722, 202879, 2711480, 37117691, 516718142, 7280170863, 103473682820, 
1480305818913, 0, 20, 0, 3644, 0, 1043780, 0, 344719452, 0, 121226129040, 0, 
44001348913412>
,
<0, 4, 0, 84, 0, 2440, 0, 76580, 0, 2480184, 0, 81842376, 2, 18, 206, 2642, 
35382, 484734, 6737250, 94604706, 1338790022, 19061818838, 272748022890, 
3918603368078, 0, 30, 0, 7882, 0, 2576100, 0, 893665066, 0, 319998008820, 0, 
116909916884332>
,
<0, 4, 0, 60, 0, 1440, 0, 41300, 0, 1283184, 0, 41552280, 2, 14, 132, 1514, 
19052, 252270, 3441972, 47851842, 673544964, 9562444094, 136614807452, 
1961147745798, 0, 22, 0, 4362, 0, 1321580, 0, 449729322, 0, 160258281012, 0, 
58478647501164>
,
<0, 4, 0, 48, 0, 1000, 0, 27440, 0, 847224, 0, 27505632, 2, 12, 98, 1040, 12702,
166908, 2277606, 31727592, 447438806, 6361156052, 90960532566, 1306476953504, 0,
18, 0, 2910, 0, 872040, 0, 298574878, 0, 106702665948, 0, 38971972004416>
,
<0, 4, 0, 48, 0, 960, 0, 24500, 0, 708624, 0, 21989352, 2, 12, 96, 974, 11252, 
140618, 1846224, 25028578, 346593780, 4869399242, 69103707224, 987797537174, 0, 
18, 0, 2666, 0, 713340, 0, 231281834, 0, 80947641708, 0, 29346093890828>
,
<0, 4, 0, 48, 0, 960, 0, 24080, 0, 673344, 0, 20002752, 2, 12, 96, 968, 10992, 
133728, 1698384, 22207032, 296562288, 4025073152, 55341347184, 769025561928, 0, 
18, 0, 2622, 0, 660560, 0, 197580446, 0, 64277748828, 0, 22027249130304>
,
<0, 4, 0, 48, 0, 940, 0, 22610, 0, 612864, 0, 18053112, 2, 12, 95, 935, 10302, 
122508, 1540653, 20199495, 273030170, 3772071992, 52930009233, 750982446893, 0, 
18, 0, 2496, 0, 599400, 0, 181951196, 0, 61839886008, 0, 22160803720440>
,
<0, 4, 0, 48, 0, 940, 0, 23660, 0, 684684, 0, 21407232, 2, 12, 95, 950, 10887, 
136038, 1794333, 24475410, 340922435, 4812756722, 68548199733, 982419934658, 0, 
18, 0, 2602, 0, 694320, 0, 227761450, 0, 80388417108, 0, 29263012809580>
,
<0, 4, 0, 48, 0, 940, 0, 22400, 0, 586404, 0, 16251312, 2, 12, 95, 932, 10137, 
117138, 1408773, 17446752, 221124029, 2857031702, 37531754493, 500299866140, 0, 
18, 0, 2478, 0, 554820, 0, 147083230, 0, 43065290268, 0, 13554887693248>
,
<0, 4, 0, 66, 0, 1840, 0, 57470, 0, 1860264, 0, 61382244, 2, 15, 158, 1991, 
26562, 363621, 5053134, 70954083, 1004094086, 14296368605, 204561029994, 
2938952562953, 0, 24, 0, 5932, 0, 1932360, 0, 670252828, 0, 239998564704, 0, 
87682438514836>
,
<0, 4, 0, 54, 0, 1240, 0, 33670, 0, 978264, 0, 29576316, 2, 13, 116, 1279, 
15362, 192999, 2495040, 32939643, 442181246, 6018235663, 82869364580, 
1152477408905, 0, 20, 0, 3588, 0, 967500, 0, 294580356, 0, 96268672800, 0, 
33028029595000>
,
<0, 4, 0, 60, 0, 1440, 0, 41300, 0, 1283184, 0, 41552280, 2, 14, 132, 1514, 
19052, 252270, 3441972, 47851842, 673544964, 9562444094, 136614807452, 
1961147745798, 0, 22, 0, 4362, 0, 1321580, 0, 449729322, 0, 160258281012, 0, 
58478647501164>
,
<0, 4, 0, 48, 0, 960, 0, 24080, 0, 673344, 0, 20002752, 2, 12, 96, 968, 10992, 
133728, 1698384, 22207032, 296562288, 4025073152, 55341347184, 769025561928, 0, 
18, 0, 2622, 0, 660560, 0, 197580446, 0, 64277748828, 0, 22027249130304>
,
<0, 4, 0, 54, 0, 1240, 0, 34230, 0, 1028664, 0, 32496156, 2, 13, 116, 1287, 
15722, 202879, 2711480, 37117691, 516718142, 7280170863, 103473682820, 
1480305818913, 0, 20, 0, 3636, 0, 1043600, 0, 344716316, 0, 121226078640, 0, 
44001348128892>
,
<0, 4, 0, 48, 0, 960, 0, 24500, 0, 708624, 0, 21989352, 2, 12, 96, 974, 11252, 
140618, 1846224, 25028578, 346593780, 4869399242, 69103707224, 987797537174, 0, 
18, 0, 2658, 0, 713160, 0, 231278698, 0, 80947591308, 0, 29346093106308>
,
<0, 4, 0, 54, 0, 1040, 0, 25130, 0, 706104, 0, 21722316, 2, 13, 106, 1037, 
11542, 140919, 1830810, 24749601, 342995842, 4828519583, 68668584910, 
983342928643, 0, 20, 0, 2792, 0, 710800, 0, 229205816, 0, 80517997320, 0, 
29274856487492>
,
<0, 4, 0, 42, 0, 680, 0, 14770, 0, 388584, 0, 11482548, 2, 11, 76, 661, 6782, 
78357, 980968, 12939465, 176469418, 2458627621, 34733731628, 495289255435, 0, 
16, 0, 1688, 0, 382900, 0, 117844216, 0, 40669154376, 0, 14690838868244>
,
<0, 4, 0, 42, 0, 680, 0, 14490, 0, 368424, 0, 10429188, 2, 11, 76, 657, 6622, 
74457, 901728, 11474421, 150943330, 2031910641, 27813329788, 385573714951, 0, 
16, 0, 1656, 0, 353620, 0, 100580536, 0, 32286824856, 0, 11026468665608>
,
<0, 4, 0, 42, 0, 800, 0, 21070, 0, 640584, 0, 20685588, 2, 11, 82, 823, 9762, 
126537, 1716234, 23844051, 335873494, 4772672641, 68231534934, 979926685129, 0, 
16, 0, 2260, 0, 657460, 0, 224104132, 0, 80036184576, 0, 29229479214584>
,
<0, 4, 0, 42, 0, 660, 0, 14000, 0, 368424, 0, 11029788, 2, 11, 75, 638, 6452, 
74457, 939297, 12519318, 172379520, 2419672121, 34367686157, 491878337430, 0, 
16, 0, 1630, 0, 367040, 0, 115231914, 0, 40294306476, 0, 14639453422000>
,
<0, 4, 0, 42, 0, 660, 0, 12880, 0, 292824, 0, 7546308, 2, 11, 75, 622, 5832, 
60247, 675397, 8110382, 102905808, 1361300371, 18560033637, 258474165154, 0, 16,
0, 1518, 0, 268960, 0, 68513578, 0, 21561398676, 0, 7505548697856>
,
<0, 2, 0, 30, 0, 740, 0, 22190, 0, 710892, 0, 23400300, 1, 7, 67, 791, 10271, 
139225, 1928237, 27044999, 382580527, 5446551797, 77929474217, 1119607762025, 0,
12, 0, 2316, 0, 737820, 0, 255386796, 0, 91429662912, 0, 33402885252132>
,
<0, 2, 0, 42, 0, 1220, 0, 38290, 0, 1240092, 0, 40921188, 1, 9, 103, 1321, 
17691, 242367, 3368625, 47302353, 669395011, 9530909419, 136374011445, 
1959301684039, 0, 16, 0, 3944, 0, 1288060, 0, 446832568, 0, 159999004536, 0, 
58454958442628>
,
<0, 2, 0, 54, 0, 1620, 0, 51030, 0, 1653372, 0, 54561276, 1, 11, 135, 1755, 
23571, 323109, 4491369, 63069435, 892525635, 12707876241, 181832006709, 
2612402220789, 0, 20, 0, 5244, 0, 1717220, 0, 595774060, 0, 213331967280, 0, 
77939944022292>
,
<0, 2, 0, 30, 0, 660, 0, 18270, 0, 564732, 0, 18336780, 1, 7, 63, 687, 8451, 
111225, 1518273, 21151359, 298291491, 4240767717, 60640346493, 870984611073, 0, 
12, 0, 1932, 0, 581240, 0, 199048332, 0, 71135089632, 0, 25981314385488>
,
<0, 2, 0, 30, 0, 620, 0, 15050, 0, 408492, 0, 12035100, 1, 7, 61, 617, 6851, 
81625, 1026971, 13465961, 182019067, 2514711677, 35286664271, 500654939999, 0, 
12, 0, 1656, 0, 399480, 0, 121299192, 0, 41226568872, 0, 14773868841204>
,
<0, 2, 0, 30, 0, 620, 0, 15750, 0, 456372, 0, 14271180, 1, 7, 61, 627, 7241, 
90645, 1196091, 16316571, 227280577, 3208501497, 45698791271, 654946598509, 0, 
12, 0, 1724, 0, 462700, 0, 151838316, 0, 53592239472, 0, 19508674639124>
,
<0, 2, 0, 30, 0, 620, 0, 14910, 0, 390852, 0, 10833900, 1, 7, 61, 615, 6741, 
78045, 939051, 11630799, 147414973, 1904684817, 25021161111, 333533219497, 0, 
12, 0, 1644, 0, 369760, 0, 98053900, 0, 28710172512, 0, 9036591511376>
,
<0, 2, 0, 24, 0, 620, 0, 19180, 0, 620172, 0, 20461056, 1, 6, 55, 670, 8871, 
121254, 1684509, 23651730, 334699075, 4765459186, 68187018549, 979650878914, 0, 
10, 0, 1994, 0, 644320, 0, 223420330, 0, 79999560420, 0, 29227480073132>
,
<0, 2, 0, 30, 0, 820, 0, 25550, 0, 826812, 0, 27281100, 1, 7, 71, 887, 11811, 
161625, 2245881, 31535271, 446264387, 6353942597, 90916016181, 1306201147289, 0,
12, 0, 2644, 0, 858900, 0, 297891076, 0, 106666041792, 0, 38969972862964>
,
<0, 2, 0, 18, 0, 340, 0, 9170, 0, 282492, 0, 9168852, 1, 5, 35, 353, 4251, 
55683, 759333, 10576233, 149147315, 2120388335, 30320186073, 435492342431, 0, 8,
0, 984, 0, 290820, 0, 99526616, 0, 35567576568, 0, 12990657619852>
,
<0, 2, 0, 18, 0, 320, 0, 7560, 0, 204372, 0, 6018012, 1, 5, 34, 318, 3451, 
40883, 513682, 6733534, 91011103, 1257360315, 17643344962, 250327506894, 0, 8, 
0, 846, 0, 199940, 0, 60652074, 0, 20613317388, 0, 7386934880160>
,
<0, 2, 0, 18, 0, 320, 0, 7910, 0, 228312, 0, 7136052, 1, 5, 34, 323, 3646, 
45393, 598242, 8158839, 113641858, 1604255225, 22849408462, 327473336149, 0, 8, 
0, 884, 0, 231640, 0, 75923204, 0, 26796177888, 0, 9754338171380>
,
<0, 2, 0, 18, 0, 320, 0, 7490, 0, 195552, 0, 5417412, 1, 5, 34, 317, 3396, 
39093, 469722, 5815953, 73709056, 952346885, 12510593382, 166766646643, 0, 8, 0,
840, 0, 185080, 0, 49029400, 0, 14355118008, 0, 4518296182796>
,
<0, 2, 0, 18, 0, 420, 0, 12810, 0, 413532, 0, 13641012, 1, 5, 39, 453, 5931, 
80883, 1123137, 15768189, 223133763, 3176975775, 45458020917, 653100610539, 0, 
8, 0, 1344, 0, 429740, 0, 148949584, 0, 53333079048, 0, 19484987283300>
,
<0, 2, 0, 12, 0, 220, 0, 6440, 0, 206892, 0, 6820968, 1, 4, 23, 236, 2991, 
40512, 561765, 7884648, 111568451, 1588492364, 22729023285, 326550342164, 0, 6, 
0, 694, 0, 215160, 0, 74478838, 0, 26666597676, 0, 9742494493468>
,
<0, 2, 0, 12, 0, 140, 0, 2800, 0, 75852, 0, 2348808, 1, 4, 19, 136, 1311, 15312,
197961, 2692692, 37582003, 531904924, 7591188441, 108942074056, 0, 6, 0, 334, 0,
76240, 0, 25055870, 0, 8901095196, 0, 3248164830020>
,
<0, 2, 0, 12, 0, 140, 0, 3080, 0, 90972, 0, 2940168, 1, 4, 19, 140, 1451, 18112,
244121, 3394376, 47884591, 681101564, 9742481321, 139956956900, 0, 6, 0, 366, 0,
94080, 0, 31974558, 0, 11430218796, 0, 4175406882636>
,
<0, 9, 0, 243, 0, 7290, 0, 229635, 0, 7440174, 0, 245525742, 6, 54, 621, 7938, 
106191, 1454355, 20212254, 283815738, 4016375199, 57185472609, 818244118764, 
11755810259271, 0, 82, 0, 23574, 0, 7727410, 0, 2680982990, 0, 959993851752, 0, 
350729748096618>
,
<0, 5, 0, 123, 0, 3650, 0, 114835, 0, 3720150, 0, 122763102, 4, 30, 319, 3994, 
53169, 727395, 10106772, 141909786, 2008193305, 28592753305, 409122110082, 
5877905280943, 0, 42, 0, 11798, 0, 3863850, 0, 1340493518, 0, 479996954952, 0, 
175364874474218>
,
<0, 5, 0, 99, 0, 2610, 0, 78435, 0, 2500470, 0, 82066446, 4, 26, 243, 2826, 
36369, 490311, 6769872, 94799754, 1339972713, 19069057341, 272792615022, 
3918879403119, 0, 34, 0, 8130, 0, 2589040, 0, 894346418, 0, 320034601224, 0, 
116911915598676>
,
<0, 5, 0, 99, 0, 2450, 0, 68355, 0, 2056950, 0, 64990926, 4, 26, 235, 2586, 
31489, 405911, 5423464, 74237002, 1033441417, 14560357821, 206947415734, 
2960611792863, 0, 34, 0, 7222, 0, 2086690, 0, 689426766, 0, 242452083624, 0, 
88002695271370>
,
<0, 3, 0, 63, 0, 1830, 0, 57435, 0, 1860138, 0, 61381782, 3, 18, 168, 2022, 
26658, 363915, 5054031, 70956810, 1004102358, 14296393653, 204561105741, 
2938952791779, 0, 22, 0, 5910, 0, 1932070, 0, 670248782, 0, 239998506552, 0, 
87682437663018>
,
<0, 3, 0, 63, 0, 1830, 0, 57435, 0, 1860138, 0, 61381782, 2, 16, 161, 2002, 
26597, 363733, 5053484, 70955170, 1004097437, 14296378891, 204561061454, 
2938952658919, 0, 22, 0, 5910, 0, 1932070, 0, 670248782, 0, 239998506552, 0, 
87682437663018>
,
<0, 5, 0, 99, 0, 2450, 0, 67235, 0, 1956150, 0, 59151246, 4, 26, 235, 2570, 
30769, 386151, 4990584, 65880906, 884367625, 12036487421, 165738779254, 
2304954972847, 0, 34, 0, 7122, 0, 1934400, 0, 589153362, 0, 192537250344, 0, 
66056057908676>
,
<0, 3, 0, 51, 0, 1310, 0, 39235, 0, 1250298, 0, 41033454, 3, 16, 130, 1438, 
18258, 245373, 3385581, 47401794, 669992062, 9534545671, 136396358211, 
1959439852867, 0, 18, 0, 4074, 0, 1294620, 0, 447174434, 0, 160017316488, 0, 
58455958012892>
,
<0, 3, 0, 45, 0, 1110, 0, 33285, 0, 1066338, 0, 35100450, 3, 15, 114, 1227, 
15528, 209202, 2893449, 40570779, 573880632, 8169857220, 116894299899, 
1679411908758, 0, 16, 0, 3468, 0, 1106710, 0, 383080124, 0, 137144494116, 0, 
50104327877274>
,
<0, 3, 0, 45, 0, 1050, 0, 30135, 0, 945378, 0, 30859290, 3, 15, 111, 1146, 
14058, 186102, 2551356, 35624286, 502936914, 7153621680, 102313984446, 
1469683383411, 0, 16, 0, 3178, 0, 977530, 0, 335751374, 0, 120034532016, 0, 
43843243583854>
,
<0, 3, 0, 45, 0, 1050, 0, 30135, 0, 945378, 0, 30859290, 2, 12, 101, 1116, 
13967, 185829, 2550536, 35621826, 502929533, 7153599537, 102313918016, 
1469683184121, 0, 16, 0, 3178, 0, 977530, 0, 335751374, 0, 120034532016, 0, 
43843243583854>
,
<0, 3, 0, 51, 0, 1230, 0, 34195, 0, 1028538, 0, 32495694, 3, 16, 126, 1318, 
15818, 203173, 2712377, 37120418, 516726414, 7280195911, 103473758567, 
1480306047739, 0, 18, 0, 3618, 0, 1043400, 0, 344713838, 0, 121226045688, 0, 
44001347669334>
,
<0, 3, 0, 51, 0, 1230, 0, 34195, 0, 1028538, 0, 32495694, 2, 14, 119, 1298, 
15757, 202991, 2711830, 37118778, 516721493, 7280181149, 103473714280, 
1480305914879, 0, 18, 0, 3618, 0, 1043400, 0, 344713838, 0, 121226045688, 0, 
44001347669334>
,
<0, 3, 0, 51, 0, 1230, 0, 33635, 0, 978138, 0, 29575854, 3, 16, 126, 1310, 
15458, 193293, 2495937, 32942370, 442189518, 6018260711, 82869440327, 
1152477637731, 0, 18, 0, 3570, 0, 967300, 0, 294577906, 0, 96268641048, 0, 
33028029167892>
,
<0, 3, 0, 51, 0, 1230, 0, 33635, 0, 978138, 0, 29575854, 2, 14, 119, 1290, 
15397, 193111, 2495390, 32940730, 442184597, 6018245949, 82869396040, 
1152477504871, 0, 18, 0, 3570, 0, 967300, 0, 294577906, 0, 96268641048, 0, 
33028029167892>
,
<0, 3, 0, 63, 0, 1830, 0, 57435, 0, 1860138, 0, 61381782, 3, 18, 168, 2022, 
26658, 363915, 5054031, 70956810, 1004102358, 14296393653, 204561105741, 
2938952791779, 0, 22, 0, 5910, 0, 1932070, 0, 670248782, 0, 239998506552, 0, 
87682437663018>
,
<0, 3, 0, 63, 0, 1830, 0, 57435, 0, 1860138, 0, 61381782, 2, 16, 161, 2002, 
26597, 363733, 5053484, 70955170, 1004097437, 14296378891, 204561061454, 
2938952658919, 0, 22, 0, 5910, 0, 1932070, 0, 670248782, 0, 239998506552, 0, 
87682437663018>
,
<0, 3, 0, 51, 0, 1230, 0, 34195, 0, 1028538, 0, 32495694, 3, 16, 126, 1318, 
15818, 203173, 2712377, 37120418, 516726414, 7280195911, 103473758567, 
1480306047739, 0, 18, 0, 3622, 0, 1043490, 0, 344715406, 0, 121226070888, 0, 
44001348061594>
,
<0, 3, 0, 51, 0, 1230, 0, 34195, 0, 1028538, 0, 32495694, 2, 14, 119, 1298, 
15757, 202991, 2711830, 37118778, 516721493, 7280181149, 103473714280, 
1480305914879, 0, 18, 0, 3622, 0, 1043490, 0, 344715406, 0, 121226070888, 0, 
44001348061594>
,
<0, 3, 0, 51, 0, 1230, 0, 33635, 0, 978138, 0, 29575854, 3, 16, 126, 1310, 
15458, 193293, 2495937, 32942370, 442189518, 6018260711, 82869440327, 
1152477637731, 0, 18, 0, 3570, 0, 967300, 0, 294577906, 0, 96268641048, 0, 
33028029167892>
,
<0, 3, 0, 51, 0, 1230, 0, 33635, 0, 978138, 0, 29575854, 2, 14, 119, 1290, 
15397, 193111, 2495390, 32940730, 442184597, 6018245949, 82869396040, 
1152477504871, 0, 18, 0, 3570, 0, 967300, 0, 294577906, 0, 96268641048, 0, 
33028029167892>
,
<0, 3, 0, 81, 0, 2430, 0, 76545, 0, 2480058, 0, 81841914, 3, 21, 216, 2673, 
35478, 485028, 6738147, 94607433, 1338798294, 19061843886, 272748098637, 
3918603596904, 0, 28, 0, 7860, 0, 2575810, 0, 893661020, 0, 319997950668, 0, 
116909916032514>
,
<0, 3, 0, 81, 0, 2430, 0, 76545, 0, 2480058, 0, 81841914, 2, 18, 207, 2646, 
35397, 484785, 6737418, 94605246, 1338791733, 19061824203, 272748039588, 
3918603419757, 0, 28, 0, 7860, 0, 2575810, 0, 893661020, 0, 319997950668, 0, 
116909916032514>
,
<0, 3, 0, 57, 0, 1430, 0, 41265, 0, 1283058, 0, 41551818, 3, 17, 142, 1545, 
19148, 252564, 3442869, 47854569, 673553236, 9562469142, 136614883199, 
1961147974624, 0, 20, 0, 4340, 0, 1321290, 0, 449725276, 0, 160258222860, 0, 
58478646649346>
,
<0, 3, 0, 57, 0, 1430, 0, 41265, 0, 1283058, 0, 41551818, 2, 14, 133, 1518, 
19067, 252321, 3442140, 47852382, 673546675, 9562449459, 136614824150, 
1961147797477, 0, 20, 0, 4340, 0, 1321290, 0, 449725276, 0, 160258222860, 0, 
58478646649346>
,
<0, 3, 0, 45, 0, 990, 0, 27405, 0, 847098, 0, 27505170, 3, 15, 108, 1071, 12798,
167202, 2278503, 31730319, 447447078, 6361181100, 90960608313, 1306477182330, 0,
16, 0, 2892, 0, 871840, 0, 298572428, 0, 106702634196, 0, 38971971577308>
,
<0, 3, 0, 45, 0, 990, 0, 27405, 0, 847098, 0, 27505170, 2, 12, 99, 1044, 12717, 
166959, 2277774, 31728132, 447440517, 6361161417, 90960549264, 1306477005183, 0,
16, 0, 2892, 0, 871840, 0, 298572428, 0, 106702634196, 0, 38971971577308>
,
<0, 3, 0, 45, 0, 950, 0, 24465, 0, 708498, 0, 21988890, 3, 15, 106, 1005, 11348,
140912, 1847121, 25031305, 346602052, 4869424290, 69103782971, 987797766000, 0, 
16, 0, 2644, 0, 713050, 0, 231277788, 0, 80947583556, 0, 29346093039010>
,
<0, 3, 0, 45, 0, 950, 0, 24465, 0, 708498, 0, 21988890, 2, 12, 97, 978, 11267, 
140669, 1846392, 25029118, 346595491, 4869404607, 69103723922, 987797588853, 0, 
16, 0, 2644, 0, 713050, 0, 231277788, 0, 80947583556, 0, 29346093039010>
,
<0, 3, 0, 45, 0, 950, 0, 24045, 0, 673218, 0, 20002290, 3, 15, 106, 999, 11088, 
134022, 1699281, 22209759, 296570560, 4025098200, 55341422931, 769025790754, 0, 
16, 0, 2604, 0, 660360, 0, 197577996, 0, 64277717076, 0, 22027248703196>
,
<0, 3, 0, 45, 0, 950, 0, 24045, 0, 673218, 0, 20002290, 2, 12, 97, 972, 11007, 
133779, 1698552, 22207572, 296563999, 4025078517, 55341363882, 769025613607, 0, 
16, 0, 2604, 0, 660360, 0, 197577996, 0, 64277717076, 0, 22027248703196>
,
<0, 3, 0, 45, 0, 930, 0, 22575, 0, 612738, 0, 18052650, 3, 15, 105, 966, 10398, 
122802, 1541550, 20202222, 273038442, 3772097040, 52930084980, 750982675719, 0, 
16, 0, 2478, 0, 599200, 0, 181948718, 0, 61839853056, 0, 22160803260882>
,
<0, 3, 0, 45, 0, 930, 0, 22575, 0, 612738, 0, 18052650, 2, 12, 95, 936, 10307, 
122529, 1540730, 20199762, 273031061, 3772074897, 52930018550, 750982476429, 0, 
16, 0, 2478, 0, 599200, 0, 181948718, 0, 61839853056, 0, 22160803260882>
,
<0, 3, 0, 45, 0, 930, 0, 23625, 0, 684558, 0, 21406770, 3, 15, 105, 981, 10983, 
136332, 1795230, 24478137, 340930707, 4812781770, 68548275480, 982420163484, 0, 
16, 0, 2580, 0, 694030, 0, 227757404, 0, 80388358956, 0, 29263011957762>
,
<0, 3, 0, 45, 0, 930, 0, 23625, 0, 684558, 0, 21406770, 2, 12, 95, 950, 10887, 
136039, 1794340, 24475446, 340922591, 4812757337, 68548202010, 982419942733, 0, 
16, 0, 2580, 0, 694030, 0, 227757404, 0, 80388358956, 0, 29263011957762>
,
<0, 3, 0, 45, 0, 930, 0, 22365, 0, 586278, 0, 16250850, 3, 15, 105, 963, 10233, 
117432, 1409670, 17449479, 221132301, 2857056750, 37531830240, 500300094966, 0, 
16, 0, 2460, 0, 554620, 0, 147080780, 0, 43065258516, 0, 13554887266140>
,
<0, 3, 0, 45, 0, 930, 0, 22365, 0, 586278, 0, 16250850, 2, 12, 95, 932, 10137, 
117139, 1408780, 17446788, 221124185, 2857032317, 37531756770, 500299874215, 0, 
16, 0, 2460, 0, 554620, 0, 147080780, 0, 43065258516, 0, 13554887266140>
,
<0, 2, 0, 33, 0, 920, 0, 28735, 0, 930132, 0, 30691122, 2, 11, 89, 1026, 13372, 
182084, 2527387, 35479502, 502054424, 7148206446, 102280581427, 1469476480767, 
0, 12, 0, 2966, 0, 966180, 0, 335126414, 0, 119999282352, 0, 43841219257418>
,
<0, 2, 0, 33, 0, 920, 0, 28735, 0, 930132, 0, 30691122, 2, 10, 86, 1016, 13342, 
181993, 2527114, 35478682, 502051964, 7148199065, 102280559284, 1469476414337, 
0, 12, 0, 2966, 0, 966180, 0, 335126414, 0, 119999282352, 0, 43841219257418>
,
<0, 2, 0, 24, 0, 530, 0, 15085, 0, 472752, 0, 15429876, 2, 9, 59, 583, 7057, 
93132, 1275913, 17812830, 251470472, 3576816769, 51157009708, 734841743368, 0, 
9, 0, 1600, 0, 488910, 0, 167877710, 0, 60017295084, 0, 21921622217836>
,
<0, 2, 0, 27, 0, 620, 0, 16835, 0, 489132, 0, 14788158, 2, 10, 68, 670, 7772, 
96773, 1248340, 16472282, 221098004, 3009139975, 41434748720, 576238903743, 0, 
10, 0, 1794, 0, 483750, 0, 147290178, 0, 48134336400, 0, 16514014797500>
,
<0, 2, 0, 27, 0, 620, 0, 16835, 0, 489132, 0, 14788158, 2, 9, 65, 660, 7742, 
96682, 1248067, 16471462, 221095544, 3009132594, 41434726577, 576238837313, 0, 
10, 0, 1794, 0, 483750, 0, 147290178, 0, 48134336400, 0, 16514014797500>
,
<0, 2, 0, 27, 0, 620, 0, 17115, 0, 514332, 0, 16248078, 2, 10, 68, 674, 7952, 
101713, 1356560, 18561306, 258366452, 3640107575, 51736907840, 740153108747, 0, 
10, 0, 1822, 0, 521890, 0, 172359726, 0, 60613064520, 0, 22000674456706>
,
<0, 2, 0, 27, 0, 620, 0, 17115, 0, 514332, 0, 16248078, 2, 9, 65, 664, 7922, 
101622, 1356287, 18560486, 258363992, 3640100194, 51736885697, 740153042317, 0, 
10, 0, 1822, 0, 521890, 0, 172359726, 0, 60613064520, 0, 22000674456706>
,
<0, 2, 0, 42, 0, 1220, 0, 38290, 0, 1240092, 0, 40921188, 2, 12, 112, 1348, 
17772, 242610, 3369354, 47304540, 669401572, 9530929102, 136374070494, 
1959301861186, 0, 15, 0, 3941, 0, 1288050, 0, 446832533, 0, 159999004410, 0, 
58454958442166>
,
<0, 2, 0, 30, 0, 720, 0, 20650, 0, 641592, 0, 20776140, 2, 10, 75, 784, 9607, 
126378, 1721715, 23928108, 336779043, 4781241730, 68307462775, 980574050046, 0, 
11, 0, 2181, 0, 660790, 0, 224864661, 0, 80129140506, 0, 29239323750582>
,
<0, 2, 0, 30, 0, 720, 0, 20650, 0, 641592, 0, 20776140, 2, 10, 74, 780, 9592, 
126328, 1721554, 23927604, 336777488, 4781236980, 68307448354, 980574006442, 0, 
11, 0, 2181, 0, 660790, 0, 224864661, 0, 80129140506, 0, 29239323750582>
,
<0, 2, 0, 24, 0, 500, 0, 13720, 0, 423612, 0, 13752816, 2, 9, 58, 547, 6432, 
83697, 1139532, 15865983, 223725964, 3180597709, 45480325332, 653238653899, 0, 
9, 0, 1455, 0, 436020, 0, 149287439, 0, 53351332974, 0, 19485986002208>
,
<0, 2, 0, 24, 0, 480, 0, 12250, 0, 354312, 0, 10994676, 2, 9, 57, 514, 5707, 
70552, 923841, 12516476, 173303451, 2434719304, 34551912661, 493898945734, 0, 9,
0, 1333, 0, 356670, 0, 115640917, 0, 40473820854, 0, 14673046945414>
,
<0, 2, 0, 24, 0, 480, 0, 12250, 0, 354312, 0, 10994676, 2, 9, 56, 510, 5692, 
70502, 923680, 12515972, 173301896, 2434714554, 34551898240, 493898902130, 0, 9,
0, 1333, 0, 356670, 0, 115640917, 0, 40473820854, 0, 14673046945414>
,
<0, 2, 0, 24, 0, 480, 0, 12040, 0, 336672, 0, 10001376, 2, 9, 57, 511, 5577, 
67107, 849921, 11105703, 148287705, 2012556259, 27670732641, 384512958111, 0, 9,
0, 1311, 0, 330280, 0, 98790223, 0, 32138874414, 0, 11013624565152>
,
<0, 2, 0, 24, 0, 480, 0, 12040, 0, 336672, 0, 10001376, 2, 9, 56, 507, 5562, 
67057, 849760, 11105199, 148286150, 2012551509, 27670718220, 384512914507, 0, 9,
0, 1311, 0, 330280, 0, 98790223, 0, 32138874414, 0, 11013624565152>
,
<0, 2, 0, 24, 0, 470, 0, 11305, 0, 306432, 0, 9026556, 2, 9, 56, 493, 5227, 
61482, 771010, 10101798, 136521236, 1886054449, 26465059975, 375491389522, 0, 9,
0, 1248, 0, 299700, 0, 90975598, 0, 30919943004, 0, 11080401860220>
,
<0, 2, 0, 24, 0, 470, 0, 11830, 0, 342342, 0, 10703616, 2, 9, 56, 500, 5517, 
68237, 897815, 12239640, 170467001, 2406395669, 34274151705, 491210122674, 0, 9,
0, 1301, 0, 347160, 0, 113880725, 0, 40194208554, 0, 14631506404790>
,
<0, 2, 0, 24, 0, 470, 0, 11200, 0, 293202, 0, 8125656, 2, 9, 56, 491, 5142, 
58787, 705035, 8725311, 110567798, 1428533159, 18765929085, 250150088415, 0, 9, 
0, 1239, 0, 277410, 0, 73541615, 0, 21532645134, 0, 6777443846624>
,
<0, 2, 0, 33, 0, 920, 0, 28735, 0, 930132, 0, 30691122, 2, 11, 89, 1026, 13372, 
182084, 2527387, 35479502, 502054424, 7148206446, 102280581427, 1469476480767, 
0, 12, 0, 2966, 0, 966180, 0, 335126414, 0, 119999282352, 0, 43841219257418>
,
<0, 2, 0, 33, 0, 920, 0, 28735, 0, 930132, 0, 30691122, 2, 10, 86, 1016, 13342, 
181993, 2527114, 35478682, 502051964, 7148199065, 102280559284, 1469476414337, 
0, 12, 0, 2966, 0, 966180, 0, 335126414, 0, 119999282352, 0, 43841219257418>
,
<0, 2, 0, 27, 0, 620, 0, 16835, 0, 489132, 0, 14788158, 2, 10, 68, 670, 7772, 
96773, 1248340, 16472282, 221098004, 3009139975, 41434748720, 576238903743, 0, 
10, 0, 1794, 0, 483750, 0, 147290178, 0, 48134336400, 0, 16514014797500>
,
<0, 2, 0, 27, 0, 620, 0, 16835, 0, 489132, 0, 14788158, 2, 9, 65, 660, 7742, 
96682, 1248067, 16471462, 221095544, 3009132594, 41434726577, 576238837313, 0, 
10, 0, 1794, 0, 483750, 0, 147290178, 0, 48134336400, 0, 16514014797500>
,
<0, 2, 0, 30, 0, 720, 0, 20650, 0, 641592, 0, 20776140, 2, 10, 75, 784, 9607, 
126378, 1721715, 23928108, 336779043, 4781241730, 68307462775, 980574050046, 0, 
11, 0, 2181, 0, 660790, 0, 224864661, 0, 80129140506, 0, 29239323750582>
,
<0, 2, 0, 30, 0, 720, 0, 20650, 0, 641592, 0, 20776140, 2, 10, 74, 780, 9592, 
126328, 1721554, 23927604, 336777488, 4781236980, 68307448354, 980574006442, 0, 
11, 0, 2181, 0, 660790, 0, 224864661, 0, 80129140506, 0, 29239323750582>
,
<0, 2, 0, 24, 0, 480, 0, 12040, 0, 336672, 0, 10001376, 2, 9, 57, 511, 5577, 
67107, 849921, 11105703, 148287705, 2012556259, 27670732641, 384512958111, 0, 9,
0, 1311, 0, 330280, 0, 98790223, 0, 32138874414, 0, 11013624565152>
,
<0, 2, 0, 24, 0, 480, 0, 12040, 0, 336672, 0, 10001376, 2, 9, 56, 507, 5562, 
67057, 849760, 11105199, 148286150, 2012551509, 27670718220, 384512914507, 0, 9,
0, 1311, 0, 330280, 0, 98790223, 0, 32138874414, 0, 11013624565152>
,
<0, 2, 0, 27, 0, 620, 0, 17115, 0, 514332, 0, 16248078, 2, 10, 68, 674, 7952, 
101713, 1356560, 18561306, 258366452, 3640107575, 51736907840, 740153108747, 0, 
10, 0, 1818, 0, 521800, 0, 172358158, 0, 60613039320, 0, 22000674064446>
,
<0, 2, 0, 27, 0, 620, 0, 17115, 0, 514332, 0, 16248078, 2, 9, 65, 664, 7922, 
101622, 1356287, 18560486, 258363992, 3640100194, 51736885697, 740153042317, 0, 
10, 0, 1818, 0, 521800, 0, 172358158, 0, 60613039320, 0, 22000674064446>
,
<0, 2, 0, 24, 0, 480, 0, 12250, 0, 354312, 0, 10994676, 2, 9, 57, 514, 5707, 
70552, 923841, 12516476, 173303451, 2434719304, 34551912661, 493898945734, 0, 9,
0, 1329, 0, 356580, 0, 115639349, 0, 40473795654, 0, 14673046553154>
,
<0, 2, 0, 24, 0, 480, 0, 12250, 0, 354312, 0, 10994676, 2, 9, 56, 510, 5692, 
70502, 923680, 12515972, 173301896, 2434714554, 34551898240, 493898902130, 0, 9,
0, 1329, 0, 356580, 0, 115639349, 0, 40473795654, 0, 14673046553154>
,
<0, 2, 0, 27, 0, 520, 0, 12565, 0, 353052, 0, 10861158, 2, 9, 59, 534, 5812, 
70572, 915721, 12375706, 171500552, 2414267514, 34334315281, 491671532117, 0, 
10, 0, 1396, 0, 355400, 0, 114602908, 0, 40258998660, 0, 14637428243746>
,
<0, 2, 0, 27, 0, 520, 0, 12565, 0, 353052, 0, 10861158, 2, 9, 60, 539, 5832, 
70642, 915952, 12376441, 171502842, 2414274554, 34334336742, 491671597182, 0, 
10, 0, 1396, 0, 355400, 0, 114602908, 0, 40258998660, 0, 14637428243746>
,
<0, 2, 0, 21, 0, 340, 0, 7385, 0, 194292, 0, 5741274, 2, 8, 44, 346, 3432, 
39291, 490800, 6470638, 88237340, 1229321533, 17366888640, 247644695513, 0, 8, 
0, 844, 0, 191450, 0, 58922108, 0, 20334577188, 0, 7345419434122>
,
<0, 2, 0, 21, 0, 340, 0, 7385, 0, 194292, 0, 5741274, 2, 8, 45, 351, 3452, 
39361, 491031, 6471373, 88239630, 1229328573, 17366910101, 247644760578, 0, 8, 
0, 844, 0, 191450, 0, 58922108, 0, 20334577188, 0, 7345419434122>
,
<0, 2, 0, 21, 0, 340, 0, 7245, 0, 184212, 0, 5214594, 2, 8, 44, 344, 3352, 
37341, 451180, 5738116, 75474296, 1015963043, 13906687720, 192786925271, 0, 8, 
0, 828, 0, 176810, 0, 50290268, 0, 16143412428, 0, 5513234332804>
,
<0, 2, 0, 21, 0, 340, 0, 7245, 0, 184212, 0, 5214594, 2, 8, 45, 349, 3372, 
37411, 451411, 5738851, 75476586, 1015970083, 13906709181, 192786990336, 0, 8, 
0, 828, 0, 176810, 0, 50290268, 0, 16143412428, 0, 5513234332804>
,
<0, 2, 0, 21, 0, 400, 0, 10535, 0, 320292, 0, 10342794, 2, 8, 48, 432, 4942, 
63451, 858664, 11923666, 167941668, 2386351083, 34115811754, 489963475425, 0, 8,
0, 1130, 0, 328730, 0, 112052066, 0, 40018092288, 0, 14614739607292>
,
<0, 2, 0, 21, 0, 330, 0, 7000, 0, 184212, 0, 5514894, 2, 8, 44, 337, 3277, 
37376, 470080, 6260932, 86193536, 1209847303, 17183876635, 245939269043, 0, 8, 
0, 815, 0, 183520, 0, 57615957, 0, 20147153238, 0, 7319726711000>
,
<0, 2, 0, 21, 0, 330, 0, 6440, 0, 146412, 0, 3773154, 2, 8, 44, 329, 2967, 
30271, 338130, 4056464, 51456680, 680661428, 9280050375, 129237182905, 0, 8, 0, 
759, 0, 134480, 0, 34256789, 0, 10780699338, 0, 3752774348928>
,
<0, 1, 0, 15, 0, 370, 0, 11095, 0, 355446, 0, 11700150, 1, 5, 38, 409, 5176, 
69734, 964483, 13523593, 191293544, 2723285740, 38964766633, 559803969586, 0, 6,
0, 1158, 0, 368910, 0, 127693398, 0, 45714831456, 0, 16701442626066>
,
<0, 1, 0, 21, 0, 610, 0, 19145, 0, 620046, 0, 20460594, 1, 6, 56, 674, 8886, 
121305, 1684677, 23652270, 334700786, 4765464551, 68187035247, 979650930593, 0, 
8, 0, 1972, 0, 644030, 0, 223416284, 0, 79999502268, 0, 29227479221314>
,
<0, 1, 0, 21, 0, 610, 0, 19145, 0, 620046, 0, 20460594, 1, 7, 58, 681, 8906, 
121366, 1684859, 23652817, 334702426, 4765469472, 68187050009, 979650974880, 0, 
8, 0, 1972, 0, 644030, 0, 223416284, 0, 79999502268, 0, 29227479221314>
,
<0, 1, 0, 27, 0, 810, 0, 25515, 0, 826686, 0, 27280638, 1, 7, 72, 891, 11826, 
161676, 2246049, 31535811, 446266098, 6353947962, 90916032879, 1306201198968, 0,
10, 0, 2622, 0, 858610, 0, 297887030, 0, 106665983640, 0, 38969972011146>
,
<0, 1, 0, 15, 0, 330, 0, 9135, 0, 282366, 0, 9168390, 1, 5, 36, 357, 4266, 
55734, 759501, 10576773, 149149026, 2120393700, 30320202771, 435492394110, 0, 6,
0, 966, 0, 290620, 0, 99524166, 0, 35567544816, 0, 12990657192744>
,
<0, 1, 0, 15, 0, 330, 0, 9135, 0, 282366, 0, 9168390, 1, 5, 36, 357, 4266, 
55734, 759501, 10576773, 149149026, 2120393700, 30320202771, 435492394110, 0, 6,
0, 966, 0, 290620, 0, 99524166, 0, 35567544816, 0, 12990657192744>
,
<0, 1, 0, 15, 0, 310, 0, 7525, 0, 204246, 0, 6017550, 1, 5, 35, 322, 3466, 
40934, 513850, 6734074, 91012814, 1257365680, 17643361660, 250327558573, 0, 6, 
0, 828, 0, 199740, 0, 60649596, 0, 20613284436, 0, 7386934420602>
,
<0, 1, 0, 15, 0, 310, 0, 7525, 0, 204246, 0, 6017550, 1, 5, 34, 319, 3456, 
40904, 513759, 6733801, 91011994, 1257363220, 17643354279, 250327536430, 0, 6, 
0, 828, 0, 199740, 0, 60649596, 0, 20613284436, 0, 7386934420602>
,
<0, 1, 0, 15, 0, 310, 0, 7875, 0, 228186, 0, 7135590, 1, 5, 35, 327, 3661, 
45444, 598410, 8159379, 113643569, 1604260590, 22849425160, 327473387828, 0, 6, 
0, 862, 0, 231350, 0, 75919158, 0, 26796119736, 0, 9754337319562>
,
<0, 1, 0, 15, 0, 310, 0, 7875, 0, 228186, 0, 7135590, 1, 5, 34, 323, 3646, 
45394, 598249, 8158875, 113642014, 1604255840, 22849410739, 327473344224, 0, 6, 
0, 862, 0, 231350, 0, 75919158, 0, 26796119736, 0, 9754337319562>
,
<0, 1, 0, 15, 0, 310, 0, 7455, 0, 195426, 0, 5416950, 1, 5, 35, 321, 3411, 
39144, 469890, 5816493, 73710767, 952352250, 12510610080, 166766698322, 0, 6, 0,
822, 0, 184880, 0, 49026950, 0, 14355086256, 0, 4518295755688>
,
<0, 1, 0, 15, 0, 310, 0, 7455, 0, 195426, 0, 5416950, 1, 5, 34, 317, 3396, 
39094, 469729, 5815989, 73709212, 952347500, 12510595659, 166766654718, 0, 6, 0,
822, 0, 184880, 0, 49026950, 0, 14355086256, 0, 4518295755688>
,
<0, 1, 0, 12, 0, 310, 0, 9590, 0, 310086, 0, 10230528, 1, 5, 33, 352, 4486, 
60779, 842710, 11827232, 167353638, 2382741895, 34093546180, 489825550174, 0, 5,
0, 997, 0, 322160, 0, 111710165, 0, 39999780210, 0, 14613740036566>
,
<0, 1, 0, 15, 0, 410, 0, 12775, 0, 413406, 0, 13640550, 1, 5, 40, 457, 5946, 
80934, 1123305, 15768729, 223135474, 3176981140, 45458037615, 653100662218, 0, 
6, 0, 1322, 0, 429450, 0, 148945538, 0, 53333020896, 0, 19484986431482>
,
<0, 1, 0, 9, 0, 170, 0, 4585, 0, 141246, 0, 4584426, 1, 4, 22, 190, 2166, 27963,
380031, 5289210, 74576938, 1060204009, 15160122561, 217746259789, 0, 4, 0, 492, 
0, 145410, 0, 49763308, 0, 17783788284, 0, 6495328809926>
,
<0, 1, 0, 9, 0, 160, 0, 3780, 0, 102186, 0, 3009006, 1, 4, 21, 171, 1761, 20548,
257160, 3367724, 45508422, 628688769, 8821698315, 125163830949, 0, 4, 0, 423, 0,
99970, 0, 30326037, 0, 10306658694, 0, 3693467440080>
,
<0, 1, 0, 9, 0, 160, 0, 3955, 0, 114156, 0, 3568026, 1, 4, 21, 173, 1856, 22793,
299405, 4080261, 56823432, 802135079, 11424726545, 163736734846, 0, 4, 0, 442, 
0, 115820, 0, 37961602, 0, 13398088944, 0, 4877169085690>
,
<0, 1, 0, 9, 0, 160, 0, 3745, 0, 97776, 0, 2708706, 1, 4, 21, 170, 1731, 19643, 
235145, 2908818, 36857031, 476180909, 6255319005, 83383390093, 0, 4, 0, 420, 0, 
92540, 0, 24514700, 0, 7177559004, 0, 2259148091398>
,
<0, 1, 0, 9, 0, 210, 0, 6405, 0, 206766, 0, 6820506, 1, 4, 24, 240, 3006, 40563,
561933, 7885188, 111570162, 1588497729, 22729039983, 326550393843, 0, 4, 0, 672,
0, 214870, 0, 74474792, 0, 26666539524, 0, 9742493641650>
,
<0, 1, 0, 6, 0, 110, 0, 3220, 0, 103446, 0, 3410484, 1, 3, 14, 125, 1516, 20317,
281065, 3942871, 55785866, 794251103, 11364526405, 163275215369, 0, 3, 0, 347, 
0, 107580, 0, 37239419, 0, 13333298838, 0, 4871247246734>
,
<0, 1, 0, 6, 0, 70, 0, 1400, 0, 37926, 0, 1174404, 1, 3, 12, 75, 676, 7717, 
99163, 1346893, 18792642, 265957383, 3795608983, 54471081315, 0, 3, 0, 167, 0, 
38120, 0, 12527935, 0, 4450547598, 0, 1624082415010>
,
<0, 1, 0, 6, 0, 70, 0, 1540, 0, 45486, 0, 1470084, 1, 3, 12, 77, 746, 9117, 
122243, 1697735, 23943936, 340555703, 4871255423, 69978522737, 0, 3, 0, 183, 0, 
47040, 0, 15987279, 0, 5715109398, 0, 2087703441318>
,
<0, 5, 0, 123, 0, 3650, 0, 114835, 0, 3720150, 0, 122763102, 2, 26, 305, 3954, 
53047, 727031, 10105678, 141906506, 2008183463, 28592723781, 409122021508, 
5877905015223, 0, 42, 0, 11798, 0, 3863850, 0, 1340493518, 0, 479996954952, 0, 
175364874474218>
,
<0, 5, 0, 99, 0, 2450, 0, 68355, 0, 2056950, 0, 64990926, 2, 22, 221, 2546, 
31367, 405547, 5422370, 74233722, 1033431575, 14560328297, 206947327160, 
2960611527143, 0, 34, 0, 7222, 0, 2086690, 0, 689426766, 0, 242452083624, 0, 
88002695271370>
,
<0, 3, 0, 63, 0, 1830, 0, 57435, 0, 1860138, 0, 61381782, 2, 14, 155, 1982, 
26537, 363551, 5052938, 70953530, 1004092517, 14296364129, 204561017168, 
2938952526059, 0, 22, 0, 5910, 0, 1932070, 0, 670248782, 0, 239998506552, 0, 
87682437663018>
,
<0, 5, 0, 99, 0, 2450, 0, 67235, 0, 1956150, 0, 59151246, 2, 22, 221, 2530, 
30647, 385787, 4989490, 65877626, 884357783, 12036457897, 165738690680, 
2304954707127, 0, 34, 0, 7122, 0, 1934400, 0, 589153362, 0, 192537250344, 0, 
66056057908676>
,
<0, 3, 0, 51, 0, 1230, 0, 33635, 0, 978138, 0, 29575854, 2, 12, 113, 1270, 
15337, 192929, 2494844, 32939090, 442179677, 6018231187, 82869351754, 
1152477372011, 0, 18, 0, 3570, 0, 967300, 0, 294577906, 0, 96268641048, 0, 
33028029167892>
,
<0, 3, 0, 51, 0, 1230, 0, 34195, 0, 1028538, 0, 32495694, 2, 12, 113, 1278, 
15697, 202809, 2711284, 37117138, 516716573, 7280166387, 103473669994, 
1480305782019, 0, 18, 0, 3622, 0, 1043490, 0, 344715406, 0, 121226070888, 0, 
44001348061594>
,
<0, 3, 0, 57, 0, 1430, 0, 41265, 0, 1283058, 0, 41551818, 2, 14, 131, 1510, 
19037, 252221, 3441818, 47851374, 673543565, 9562439959, 136614795308, 
1961147710269, 0, 20, 0, 4340, 0, 1321290, 0, 449725276, 0, 160258222860, 0, 
58478646649346>
,
<0, 3, 0, 45, 0, 950, 0, 24465, 0, 708498, 0, 21988890, 2, 12, 95, 970, 11237, 
140569, 1846070, 25028110, 346592381, 4869395107, 69103695080, 987797501645, 0, 
16, 0, 2644, 0, 713050, 0, 231277788, 0, 80947583556, 0, 29346093039010>
,
<0, 3, 0, 45, 0, 950, 0, 24045, 0, 673218, 0, 20002290, 2, 12, 95, 964, 10977, 
133679, 1698230, 22206564, 296560889, 4025069017, 55341335040, 769025526399, 0, 
16, 0, 2604, 0, 660360, 0, 197577996, 0, 64277717076, 0, 22027248703196>
,
<0, 1, 0, 9, 0, 210, 0, 6405, 0, 206766, 0, 6820506, 1, 3, 20, 227, 2966, 40442,
561569, 7884095, 111566882, 1588487888, 22729010459, 326550305270, 0, 4, 0, 672,
0, 214870, 0, 74474792, 0, 26666539524, 0, 9742493641650>
];
