L:=[
<0, 10, 0, 198, 0, 4900, 0, 134470, 0, 3912300, 0, 118184220, 5, 43, 443, 5059, 
61295, 771445, 9969125, 131356915, 1756839215, 23776590673, 324894091505, 
4475006273389, 0, 68, 0, 14244, 0, 3866000, 0, 1170048292, 0, 376372635408, 0, 
125890847952144>
,
<0, 6, 0, 102, 0, 2460, 0, 67270, 0, 1956276, 0, 59092572, 3, 23, 225, 2539, 
30673, 385793, 4984759, 65679011, 878421177, 11888299813, 162447058579, 
2237503173589, 0, 36, 0, 7140, 0, 1933200, 0, 585026596, 0, 188186349456, 0, 
62945424402960>
,
<0, 6, 0, 90, 0, 1900, 0, 48090, 0, 1346436, 0, 39963924, 3, 21, 185, 1917, 
21933, 267271, 3393015, 44278413, 589133693, 7950973731, 108483641115, 
1493033374063, 0, 32, 0, 5208, 0, 1319720, 0, 392366296, 0, 125646652152, 0, 
41979436937592>
,
<0, 6, 0, 90, 0, 1860, 0, 44870, 0, 1190196, 0, 33699204, 3, 21, 183, 1847, 
20333, 237711, 2904653, 36704427, 475974561, 6297934871, 84660366893, 
1152401657825, 0, 32, 0, 4932, 0, 1138880, 0, 316826020, 0, 97740260352, 0, 
32041591342992>
,
<0, 6, 0, 90, 0, 1860, 0, 44730, 0, 1172556, 0, 32498004, 3, 21, 183, 1845, 
20223, 234131, 2816733, 34869405, 441386343, 5688745911, 74425596633, 
986187972583, 0, 32, 0, 4920, 0, 1109160, 0, 293592600, 0, 85272401592, 0, 
26369424742584>
,
<0, 4, 0, 54, 0, 1240, 0, 33670, 0, 978264, 0, 29546748, 2, 13, 116, 1279, 
15362, 192967, 2492576, 32840059, 439212158, 5944154383, 81223542116, 
1118751623689, 0, 20, 0, 3588, 0, 966800, 0, 292515748, 0, 94093206480, 0, 
31472712628368>
,
<0, 4, 0, 48, 0, 960, 0, 24080, 0, 673344, 0, 19982424, 2, 12, 96, 968, 10992, 
133706, 1696704, 22139760, 294568416, 3975491342, 54241833384, 746516723926, 0, 
18, 0, 2622, 0, 660060, 0, 196185598, 0, 62823357828, 0, 20989718895684>
,
<0, 4, 0, 48, 0, 940, 0, 22470, 0, 595224, 0, 16850064, 2, 12, 95, 933, 10192, 
118926, 1452523, 18352767, 237988850, 3148971912, 42330196273, 576200865807, 0, 
18, 0, 2484, 0, 569640, 0, 158415460, 0, 48870161928, 0, 16020796098384>
,
<0, 4, 0, 48, 0, 940, 0, 22400, 0, 586404, 0, 16249464, 2, 12, 95, 932, 10137, 
117136, 1408563, 17435256, 220694741, 2844377432, 37212811143, 493094023186, 0, 
18, 0, 2478, 0, 554780, 0, 146798750, 0, 42636232548, 0, 13184712798180>
,
<0, 4, 0, 42, 0, 680, 0, 14490, 0, 368424, 0, 10418100, 2, 11, 76, 657, 6622, 
74445, 900832, 11439461, 149924674, 2006828301, 27260124652, 374281824163, 0, 
16, 0, 1656, 0, 353320, 0, 99855448, 0, 31553509176, 0, 10506725163000>
,
<0, 4, 0, 42, 0, 660, 0, 12880, 0, 290304, 0, 7285740, 2, 11, 75, 622, 5822, 
59665, 656651, 7652468, 93345108, 1180308871, 15348487541, 203965966044, 0, 16, 
0, 1518, 0, 262900, 0, 62085310, 0, 17600313276, 0, 5537802365700>
,
<0, 6, 0, 102, 0, 2460, 0, 67270, 0, 1956276, 0, 59092572, 2, 22, 221, 2530, 
30647, 385723, 4984562, 65678458, 878419607, 11888295337, 162447045752, 
2237503136695, 0, 38, 0, 7170, 0, 1933640, 0, 585033106, 0, 188186446728, 0, 
62945425868424>
,
<0, 4, 0, 54, 0, 1240, 0, 33670, 0, 978264, 0, 29546748, 2, 14, 119, 1290, 
15397, 193079, 2492926, 32841146, 439215509, 5944164669, 81223573576, 
1118751719655, 0, 22, 0, 3618, 0, 967240, 0, 292522258, 0, 94093303752, 0, 
31472714093832>
,
<0, 4, 0, 48, 0, 960, 0, 24080, 0, 673344, 0, 19982424, 2, 12, 95, 964, 10977, 
133657, 1696550, 22139292, 294567017, 3975487207, 54241821240, 746516688397, 0, 
18, 0, 2622, 0, 660080, 0, 196186158, 0, 62823369168, 0, 20989719099888>
,
<0, 4, 0, 48, 0, 940, 0, 22470, 0, 595224, 0, 16850064, 2, 12, 95, 934, 10197, 
118947, 1452600, 18353034, 237989741, 3148974817, 42330205590, 576200895343, 0, 
18, 0, 2490, 0, 569760, 0, 158417490, 0, 48870194688, 0, 16020796617672>
,
<0, 4, 0, 48, 0, 940, 0, 22400, 0, 586404, 0, 16249464, 2, 12, 95, 932, 10137, 
117137, 1408570, 17435292, 220694897, 2844378047, 37212813420, 493094031261, 0, 
18, 0, 2478, 0, 554800, 0, 146799310, 0, 42636243888, 0, 13184713002384>
,
<0, 3, 0, 30, 0, 630, 0, 16870, 0, 489258, 0, 14773836, 2, 10, 68, 670, 7772, 
96757, 1247108, 16422490, 219613460, 2972099335, 40611837488, 559376011135, 0, 
14, 0, 1842, 0, 484040, 0, 146266834, 0, 47046732264, 0, 15736358206536>
,
<0, 3, 0, 27, 0, 490, 0, 12075, 0, 336798, 0, 9991674, 2, 9, 56, 507, 5562, 
67046, 848920, 11071563, 147289214, 1987760604, 27120961320, 373258495506, 0, 
12, 0, 1344, 0, 330460, 0, 98098784, 0, 31411764972, 0, 10494860709564>
,
<0, 3, 0, 27, 0, 480, 0, 11270, 0, 297738, 0, 8425494, 2, 9, 56, 492, 5172, 
59691, 726945, 9178434, 119000576, 1574504409, 21165153495, 288100598979, 0, 12,
0, 1278, 0, 285300, 0, 79214450, 0, 24435177732, 0, 8010399468456>
,
<0, 3, 0, 27, 0, 480, 0, 11235, 0, 293328, 0, 8125194, 2, 9, 56, 491, 5142, 
58786, 704930, 8719563, 110353154, 1422206024, 18606457410, 246547166938, 0, 12,
0, 1272, 0, 277820, 0, 73405360, 0, 21318202332, 0, 6592357660812>
,
<0, 3, 0, 24, 0, 350, 0, 7280, 0, 184338, 0, 5209512, 2, 8, 44, 344, 3352, 
37335, 450732, 5720636, 74964968, 1003421873, 13630085152, 187140979877, 0, 10, 
0, 846, 0, 176880, 0, 49930734, 0, 15776797680, 0, 5253363212592>
,
<0, 3, 0, 24, 0, 340, 0, 6475, 0, 145278, 0, 3643332, 2, 8, 44, 329, 2962, 
29980, 328757, 3827507, 46676330, 590165678, 7674277327, 101983083350, 0, 10, 0,
780, 0, 131720, 0, 31046400, 0, 8800210440, 0, 2768901971484>
,
<0, 6, 0, 102, 0, 2460, 0, 67270, 0, 1956276, 0, 59092572, 4, 26, 235, 2570, 
30769, 386087, 4985656, 65681738, 878429449, 11888324861, 162447134326, 
2237503402415, 0, 38, 0, 7170, 0, 1933640, 0, 585033106, 0, 188186446728, 0, 
62945425868424>
,
<0, 4, 0, 54, 0, 1240, 0, 33670, 0, 978264, 0, 29546748, 2, 12, 113, 1270, 
15337, 192897, 2492380, 32839506, 439210589, 5944149907, 81223529290, 
1118751586795, 0, 18, 0, 3570, 0, 966600, 0, 292513298, 0, 94093174728, 0, 
31472712201480>
,
<0, 4, 0, 48, 0, 960, 0, 24080, 0, 673344, 0, 19982424, 2, 12, 97, 972, 11007, 
133757, 1696872, 22140300, 294570127, 3975496707, 54241850082, 746516775605, 0, 
18, 0, 2622, 0, 660080, 0, 196186158, 0, 62823369168, 0, 20989719099888>
,
<0, 4, 0, 54, 0, 1240, 0, 33670, 0, 978264, 0, 29546748, 3, 16, 126, 1310, 
15458, 193261, 2493473, 32842786, 439220430, 5944179431, 81223617863, 
1118751852515, 0, 22, 0, 3618, 0, 967240, 0, 292522258, 0, 94093303752, 0, 
31472714093832>
,
<0, 3, 0, 30, 0, 630, 0, 16870, 0, 489258, 0, 14773836, 2, 9, 65, 660, 7742, 
96666, 1246835, 16421670, 219611000, 2972091954, 40611815345, 559375944705, 0, 
12, 0, 1818, 0, 483720, 0, 146262354, 0, 47046667752, 0, 15736357260360>
,
<0, 3, 0, 27, 0, 490, 0, 12075, 0, 336798, 0, 9991674, 2, 9, 57, 511, 5577, 
67096, 849081, 11072067, 147290769, 1987765354, 27120975741, 373258539110, 0, 
12, 0, 1344, 0, 330460, 0, 98098784, 0, 31411764972, 0, 10494860709564>
,
<0, 4, 0, 48, 0, 960, 0, 24080, 0, 673344, 0, 19982424, 3, 15, 106, 999, 11088, 
134000, 1697601, 22142487, 294576688, 3975516390, 54241909131, 746516952752, 0, 
20, 0, 2652, 0, 660500, 0, 196192108, 0, 62823455100, 0, 20989720361148>
,
<0, 4, 0, 48, 0, 940, 0, 22470, 0, 595224, 0, 16850064, 3, 15, 105, 964, 10288, 
119220, 1453420, 18355494, 237997122, 3148996960, 42330272020, 576201094633, 0, 
20, 0, 2514, 0, 570080, 0, 158421970, 0, 48870259200, 0, 16020797563848>
,
<0, 4, 0, 48, 0, 940, 0, 22400, 0, 586404, 0, 16249464, 3, 15, 105, 963, 10233, 
117430, 1409460, 17437983, 220703013, 2844402480, 37212886890, 493094252012, 0, 
20, 0, 2508, 0, 555220, 0, 146805260, 0, 42636329820, 0, 13184714263644>
,
<0, 3, 0, 24, 0, 350, 0, 7280, 0, 184338, 0, 5209512, 2, 8, 45, 349, 3372, 
37405, 450963, 5721371, 74967258, 1003428913, 13630106613, 187141044942, 0, 10, 
0, 852, 0, 176980, 0, 49932204, 0, 15776819100, 0, 5253363527676>
,
<0, 9, 0, 147, 0, 3090, 0, 76195, 0, 2085174, 0, 60984462, 5, 35, 299, 2995, 
33535, 404045, 5102725, 66449555, 883496495, 11921952025, 162671391745, 
2239005227869, 0, 50, 0, 7890, 0, 1973960, 0, 587317906, 0, 188318438280, 0, 
62953175049864>
,
<0, 5, 0, 75, 0, 1550, 0, 38115, 0, 1042650, 0, 30492462, 3, 19, 153, 1507, 
16793, 202093, 2551559, 33225331, 441749817, 5960980489, 81335708699, 
1119502650829, 0, 26, 0, 3954, 0, 987080, 0, 293660178, 0, 94159235016, 0, 
31476587738376>
,
<0, 5, 0, 63, 0, 1170, 0, 27055, 0, 716310, 0, 20613054, 3, 17, 125, 1137, 
12013, 140051, 1737039, 22400529, 296275349, 3986767347, 54316837699, 
747018285475, 0, 24, 0, 2892, 0, 673940, 0, 196953708, 0, 62867452284, 0, 
20992303421628>
,
<0, 5, 0, 63, 0, 1130, 0, 24955, 0, 629370, 0, 17337474, 3, 17, 123, 1091, 
11113, 124451, 1486537, 18566755, 239358921, 3157866947, 42388582657, 
576587421245, 0, 24, 0, 2754, 0, 582240, 0, 159058130, 0, 48905224704, 0, 
16022793995208>
,
<0, 5, 0, 63, 0, 1130, 0, 24815, 0, 618030, 0, 16676814, 3, 17, 123, 1089, 
11043, 122491, 1440897, 17634033, 221935347, 2852219547, 37262922777, 
493417235443, 0, 24, 0, 2748, 0, 567380, 0, 147423500, 0, 42668714844, 0, 
13186464689244>
,
<0, 3, 0, 39, 0, 780, 0, 19075, 0, 521388, 0, 15246462, 2, 11, 80, 763, 8422, 
101117, 1275976, 16613219, 220876478, 2980494721, 40667867176, 559751362309, 0, 
14, 0, 1986, 0, 493640, 0, 146831314, 0, 47079633384, 0, 15738294082632>
,
<0, 3, 0, 33, 0, 590, 0, 13545, 0, 358218, 0, 10306758, 2, 10, 66, 578, 6032, 
70096, 868716, 11200818, 148139244, 1993388150, 27158431676, 373509179632, 0, 
13, 0, 1455, 0, 337070, 0, 98478079, 0, 31433742018, 0, 10496151924258>
,
<0, 3, 0, 33, 0, 570, 0, 12495, 0, 314748, 0, 8668968, 2, 10, 65, 555, 5582, 
62296, 743465, 9283931, 119681030, 1578937950, 21194304155, 288293747517, 0, 13,
0, 1386, 0, 291220, 0, 79530290, 0, 24452628228, 0, 8011397211048>
,
<0, 3, 0, 33, 0, 570, 0, 12425, 0, 309078, 0, 8338638, 2, 10, 65, 554, 5547, 
61316, 720645, 8817570, 110969243, 1426114250, 18631474215, 246708654616, 0, 13,
0, 1383, 0, 283790, 0, 73712975, 0, 21334373298, 0, 6593232558066>
,
<0, 3, 0, 27, 0, 400, 0, 8015, 0, 195048, 0, 5367054, 2, 9, 52, 393, 3642, 
39075, 461456, 5788417, 75402010, 1006281579, 13648996176, 187266996955, 0, 12, 
0, 924, 0, 180500, 0, 50124844, 0, 15787850652, 0, 5254009765884>
,
<0, 3, 0, 27, 0, 380, 0, 6965, 0, 151578, 0, 3729264, 2, 9, 51, 370, 3192, 
31275, 336205, 3871530, 46943796, 591831379, 7684868655, 102051564840, 0, 12, 0,
855, 0, 134650, 0, 31177055, 0, 8806736862, 0, 2769255052674>
,
<0, 5, 0, 75, 0, 1550, 0, 38115, 0, 1042650, 0, 30492462, 2, 18, 149, 1498, 
16767, 202023, 2551362, 33224778, 441748247, 5960976013, 81335695872, 
1119502613935, 0, 27, 0, 3969, 0, 987300, 0, 293663433, 0, 94159283652, 0, 
31476588471108>
,
<0, 3, 0, 39, 0, 780, 0, 19075, 0, 521388, 0, 15246462, 2, 12, 83, 774, 8457, 
101229, 1276326, 16614306, 220879829, 2980505007, 40667898636, 559751458275, 0, 
15, 0, 2001, 0, 493860, 0, 146834569, 0, 47079682020, 0, 15738294815364>
,
<0, 3, 0, 33, 0, 590, 0, 13545, 0, 358218, 0, 10306758, 2, 10, 65, 574, 6017, 
70047, 868562, 11200350, 148137845, 1993384015, 27158419532, 373509144103, 0, 
13, 0, 1455, 0, 337080, 0, 98478359, 0, 31433747688, 0, 10496152026360>
,
<0, 3, 0, 33, 0, 570, 0, 12495, 0, 314748, 0, 8668968, 2, 10, 65, 556, 5587, 
62317, 743542, 9284198, 119681921, 1578940855, 21194313472, 288293777053, 0, 13,
0, 1389, 0, 291280, 0, 79531305, 0, 24452644608, 0, 8011397470692>
,
<0, 3, 0, 33, 0, 570, 0, 12425, 0, 309078, 0, 8338638, 2, 10, 65, 554, 5547, 
61317, 720652, 8817606, 110969399, 1426114865, 18631476492, 246708662691, 0, 13,
0, 1383, 0, 283800, 0, 73713255, 0, 21334378968, 0, 6593232660168>
,
<0, 2, 0, 21, 0, 395, 0, 9555, 0, 260757, 0, 7623462, 2, 9, 50, 412, 4302, 
50832, 638808, 8309070, 110445620, 1490269504, 20334000018, 279875880445, 0, 9, 
0, 1017, 0, 247140, 0, 73420137, 0, 23539881204, 0, 7869147987492>
,
<0, 2, 0, 18, 0, 300, 0, 6790, 0, 179172, 0, 5153610, 2, 8, 41, 312, 3082, 
35241, 434926, 5602092, 74074628, 996709008, 13579260466, 186754723359, 0, 8, 0,
744, 0, 168750, 0, 49242032, 0, 15716914038, 0, 5248076592990>
,
<0, 2, 0, 18, 0, 290, 0, 6265, 0, 157437, 0, 4334715, 2, 8, 41, 303, 2867, 
31376, 372416, 4644016, 59846666, 789487428, 10597207436, 144147039834, 0, 8, 0,
711, 0, 145850, 0, 39768505, 0, 12226362498, 0, 4005699315156>
,
<0, 2, 0, 18, 0, 290, 0, 6230, 0, 154602, 0, 4169550, 2, 8, 41, 302, 2847, 
30876, 360971, 4410720, 55490405, 713074433, 9315788946, 123354482653, 0, 8, 0, 
708, 0, 142110, 0, 36859480, 0, 10667229678, 0, 3296616909894>
,
<0, 2, 0, 15, 0, 205, 0, 4025, 0, 97587, 0, 2683758, 2, 7, 32, 212, 1862, 19650,
231044, 2895114, 37703636, 503148512, 6824520914, 93633566273, 0, 7, 0, 471, 0, 
90360, 0, 25063927, 0, 7893946872, 0, 2627005198488>
,
<0, 2, 0, 15, 0, 195, 0, 3500, 0, 75852, 0, 1864863, 2, 7, 32, 203, 1647, 15785,
168534, 1937038, 23475674, 295926932, 3842467884, 51025882748, 0, 7, 0, 438, 0, 
67460, 0, 15590400, 0, 4403395332, 0, 1384627920654>
,
<0, 5, 0, 75, 0, 1550, 0, 38115, 0, 1042650, 0, 30492462, 4, 22, 163, 1538, 
16889, 202387, 2552456, 33228058, 441758089, 5961005537, 81335784446, 
1119502879655, 0, 27, 0, 3969, 0, 987300, 0, 293663433, 0, 94159283652, 0, 
31476588471108>
,
<0, 3, 0, 39, 0, 780, 0, 19075, 0, 521388, 0, 15246462, 2, 10, 77, 754, 8397, 
101047, 1275780, 16612666, 220874909, 2980490245, 40667854350, 559751325415, 0, 
13, 0, 1977, 0, 493540, 0, 146830089, 0, 47079617508, 0, 15738293869188>
,
<0, 3, 0, 33, 0, 590, 0, 13545, 0, 358218, 0, 10306758, 2, 10, 67, 582, 6047, 
70147, 868884, 11201358, 148140955, 1993393515, 27158448374, 373509231311, 0, 
13, 0, 1455, 0, 337080, 0, 98478359, 0, 31433747688, 0, 10496152026360>
,
<0, 3, 0, 39, 0, 780, 0, 19075, 0, 521388, 0, 15246462, 3, 14, 90, 794, 8518, 
101411, 1276873, 16615946, 220884750, 2980519769, 40667942923, 559751591135, 0, 
15, 0, 2001, 0, 493860, 0, 146834569, 0, 47079682020, 0, 15738294815364>
,
<0, 2, 0, 21, 0, 395, 0, 9555, 0, 260757, 0, 7623462, 2, 8, 47, 402, 4272, 
50741, 638535, 8308250, 110443160, 1490262123, 20333977875, 279875814015, 0, 8, 
0, 1005, 0, 246980, 0, 73417897, 0, 23539848948, 0, 7869147514404>
,
<0, 2, 0, 18, 0, 300, 0, 6790, 0, 179172, 0, 5153610, 2, 8, 42, 316, 3097, 
35291, 435087, 5602596, 74076183, 996713758, 13579274887, 186754766963, 0, 8, 0,
744, 0, 168750, 0, 49242032, 0, 15716914038, 0, 5248076592990>
,
<0, 3, 0, 33, 0, 590, 0, 13545, 0, 358218, 0, 10306758, 3, 13, 76, 609, 6128, 
70390, 869613, 11203545, 148147516, 1993413198, 27158507423, 373509408458, 0, 
14, 0, 1470, 0, 337290, 0, 98481334, 0, 31433790654, 0, 10496152656990>
,
<0, 3, 0, 33, 0, 570, 0, 12495, 0, 314748, 0, 8668968, 3, 13, 75, 586, 5678, 
62590, 744362, 9286658, 119689302, 1578962998, 21194379902, 288293976343, 0, 14,
0, 1401, 0, 291440, 0, 79533545, 0, 24452676864, 0, 8011397943780>
,
<0, 3, 0, 33, 0, 570, 0, 12425, 0, 309078, 0, 8338638, 3, 13, 75, 585, 5643, 
61610, 721542, 8820297, 110977515, 1426139298, 18631549962, 246708883442, 0, 14,
0, 1398, 0, 284010, 0, 73716230, 0, 21334421934, 0, 6593233290798>
,
<0, 2, 0, 15, 0, 205, 0, 4025, 0, 97587, 0, 2683758, 2, 7, 33, 217, 1882, 19720,
231275, 2895849, 37705926, 503155552, 6824542375, 93633631338, 0, 7, 0, 474, 0, 
90410, 0, 25064662, 0, 7893957582, 0, 2627005356030>
,
<0, 5, 0, 99, 0, 2450, 0, 67235, 0, 1956150, 0, 59092110, 3, 23, 225, 2539, 
30673, 385793, 4984759, 65679011, 878421177, 11888299813, 162447058579, 
2237503173589, 0, 34, 0, 7122, 0, 1933000, 0, 585024146, 0, 188186317704, 0, 
62945423976072>
,
<0, 5, 0, 63, 0, 1310, 0, 34195, 0, 982170, 0, 29575854, 3, 17, 135, 1367, 
15773, 194891, 2501621, 32882763, 439414641, 5945118347, 81228148301, 
1118773707425, 0, 26, 0, 3762, 0, 971720, 0, 292656658, 0, 94097303496, 0, 
31472833312008>
,
<0, 5, 0, 63, 0, 1130, 0, 25935, 0, 693630, 0, 20206494, 3, 17, 123, 1113, 
11783, 138071, 1721037, 22276545, 295342695, 3979899567, 54267052337, 
746661586891, 0, 24, 0, 2892, 0, 671380, 0, 196666988, 0, 62844227964, 0, 
20990638151868>
,
<0, 3, 0, 51, 0, 1230, 0, 33635, 0, 978138, 0, 29546286, 2, 13, 116, 1279, 
15362, 192967, 2492576, 32840059, 439212158, 5944154383, 81223542116, 
1118751623689, 0, 18, 0, 3570, 0, 966600, 0, 292513298, 0, 94093174728, 0, 
31472712201480>
,
<0, 3, 0, 45, 0, 950, 0, 24045, 0, 673218, 0, 19981962, 2, 12, 96, 968, 10992, 
133706, 1696704, 22139760, 294568416, 3975491342, 54241833384, 746516723926, 0, 
16, 0, 2604, 0, 659860, 0, 196183148, 0, 62823326076, 0, 20989718468796>
,
<0, 3, 0, 45, 0, 930, 0, 22435, 0, 595098, 0, 16849602, 2, 12, 95, 933, 10192, 
118926, 1452523, 18352767, 237988850, 3148971912, 42330196273, 576200865807, 0, 
16, 0, 2466, 0, 569440, 0, 158413010, 0, 48870130176, 0, 16020795671496>
,
<0, 3, 0, 33, 0, 660, 0, 17115, 0, 491148, 0, 14788158, 2, 10, 71, 693, 7912, 
97516, 1251007, 16441935, 219708890, 2972563650, 40614086977, 559386890607, 0, 
14, 0, 1890, 0, 485960, 0, 146329554, 0, 47048667624, 0, 15736416869448>
,
<0, 3, 0, 33, 0, 570, 0, 12985, 0, 346878, 0, 10103478, 2, 10, 65, 566, 5917, 
69106, 860715, 11138826, 147672917, 1989954260, 27133538995, 373330830340, 0, 
13, 0, 1455, 0, 335790, 0, 98334719, 0, 31422129858, 0, 10495319289378>
,
<0, 3, 0, 45, 0, 930, 0, 22365, 0, 586278, 0, 16249002, 2, 12, 95, 932, 10137, 
117136, 1408563, 17435256, 220694741, 2844377432, 37212811143, 493094023186, 0, 
16, 0, 2460, 0, 554580, 0, 146796300, 0, 42636200796, 0, 13184712371292>
,
<0, 3, 0, 27, 0, 380, 0, 7525, 0, 186228, 0, 5223834, 2, 9, 51, 382, 3542, 
38255, 455135, 5741636, 75065148, 1003900609, 13632378245, 187151990844, 0, 12, 
0, 924, 0, 179220, 0, 49999404, 0, 15778818972, 0, 5253423136764>
,
<0, 5, 0, 99, 0, 2450, 0, 67235, 0, 1956150, 0, 59092110, 2, 22, 221, 2530, 
30647, 385723, 4984562, 65678458, 878419607, 11888295337, 162447045752, 
2237503136695, 0, 34, 0, 7122, 0, 1933000, 0, 585024146, 0, 188186317704, 0, 
62945423976072>
,
<0, 3, 0, 51, 0, 1230, 0, 33635, 0, 978138, 0, 29546286, 2, 14, 119, 1290, 
15397, 193079, 2492926, 32841146, 439215509, 5944164669, 81223573576, 
1118751719655, 0, 18, 0, 3570, 0, 966600, 0, 292513298, 0, 94093174728, 0, 
31472712201480>
,
<0, 3, 0, 51, 0, 1230, 0, 33635, 0, 978138, 0, 29546286, 2, 14, 119, 1290, 
15397, 193079, 2492926, 32841146, 439215509, 5944164669, 81223573576, 
1118751719655, 0, 19, 0, 3585, 0, 966820, 0, 292516553, 0, 94093223364, 0, 
31472712934212>
,
<0, 3, 0, 51, 0, 1230, 0, 33635, 0, 978138, 0, 29546286, 2, 14, 119, 1290, 
15397, 193079, 2492926, 32841146, 439215509, 5944164669, 81223573576, 
1118751719655, 0, 19, 0, 3585, 0, 966820, 0, 292516553, 0, 94093223364, 0, 
31472712934212>
,
<0, 3, 0, 45, 0, 950, 0, 24045, 0, 673218, 0, 19981962, 2, 12, 95, 964, 10977, 
133657, 1696550, 22139292, 294567017, 3975487207, 54241821240, 746516688397, 0, 
16, 0, 2604, 0, 659860, 0, 196183148, 0, 62823326076, 0, 20989718468796>
,
<0, 3, 0, 45, 0, 930, 0, 22435, 0, 595098, 0, 16849602, 2, 12, 95, 934, 10197, 
118947, 1452600, 18353034, 237989741, 3148974817, 42330205590, 576200895343, 0, 
16, 0, 2466, 0, 569440, 0, 158413010, 0, 48870130176, 0, 16020795671496>
,
<0, 3, 0, 33, 0, 660, 0, 17115, 0, 491148, 0, 14788158, 2, 10, 71, 694, 7917, 
97537, 1251084, 16442202, 219709781, 2972566555, 40614096294, 559386920143, 0, 
13, 0, 1881, 0, 485860, 0, 146328329, 0, 47048651748, 0, 15736416656004>
,
<0, 3, 0, 33, 0, 660, 0, 17115, 0, 491148, 0, 14788158, 2, 10, 71, 694, 7917, 
97537, 1251084, 16442202, 219709781, 2972566555, 40614096294, 559386920143, 0, 
15, 0, 1905, 0, 486180, 0, 146332809, 0, 47048716260, 0, 15736417602180>
,
<0, 3, 0, 33, 0, 570, 0, 12985, 0, 346878, 0, 10103478, 2, 10, 65, 566, 5917, 
69107, 860722, 11138862, 147673073, 1989954875, 27133541272, 373330838415, 0, 
13, 0, 1455, 0, 335800, 0, 98334999, 0, 31422135528, 0, 10495319391480>
,
<0, 3, 0, 33, 0, 570, 0, 12985, 0, 346878, 0, 10103478, 2, 10, 65, 566, 5917, 
69107, 860722, 11138862, 147673073, 1989954875, 27133541272, 373330838415, 0, 
13, 0, 1455, 0, 335800, 0, 98334999, 0, 31422135528, 0, 10495319391480>
,
<0, 3, 0, 45, 0, 930, 0, 22365, 0, 586278, 0, 16249002, 2, 12, 95, 932, 10137, 
117137, 1408570, 17435292, 220694897, 2844378047, 37212813420, 493094031261, 0, 
16, 0, 2460, 0, 554580, 0, 146796300, 0, 42636200796, 0, 13184712371292>
,
<0, 2, 0, 27, 0, 620, 0, 16835, 0, 489132, 0, 14773374, 2, 10, 68, 670, 7772, 
96757, 1247108, 16422490, 219613460, 2972099335, 40611837488, 559376011135, 0, 
10, 0, 1794, 0, 483400, 0, 146257874, 0, 47046603240, 0, 15736356314184>
,
<0, 2, 0, 27, 0, 620, 0, 16835, 0, 489132, 0, 14773374, 2, 10, 68, 670, 7772, 
96757, 1247108, 16422490, 219613460, 2972099335, 40611837488, 559376011135, 0, 
11, 0, 1809, 0, 483620, 0, 146261129, 0, 47046651876, 0, 15736357046916>
,
<0, 2, 0, 27, 0, 620, 0, 16835, 0, 489132, 0, 14773374, 2, 10, 68, 670, 7772, 
96757, 1247108, 16422490, 219613460, 2972099335, 40611837488, 559376011135, 0, 
11, 0, 1809, 0, 483620, 0, 146261129, 0, 47046651876, 0, 15736357046916>
,
<0, 2, 0, 24, 0, 480, 0, 12040, 0, 336672, 0, 9991212, 2, 9, 56, 507, 5562, 
67046, 848920, 11071563, 147289214, 1987760604, 27120961320, 373258495506, 0, 
10, 0, 1326, 0, 330250, 0, 98096054, 0, 31411727550, 0, 10494860180574>
,
<0, 2, 0, 24, 0, 480, 0, 12040, 0, 336672, 0, 9991212, 2, 9, 56, 507, 5562, 
67046, 848920, 11071563, 147289214, 1987760604, 27120961320, 373258495506, 0, 9,
0, 1311, 0, 330040, 0, 98093079, 0, 31411684584, 0, 10494859549944>
,
<0, 2, 0, 24, 0, 480, 0, 12040, 0, 336672, 0, 9991212, 2, 9, 56, 507, 5562, 
67046, 848920, 11071563, 147289214, 1987760604, 27120961320, 373258495506, 0, 9,
0, 1311, 0, 330030, 0, 98092799, 0, 31411678914, 0, 10494859447842>
,
<0, 2, 0, 24, 0, 470, 0, 11235, 0, 297612, 0, 8425032, 2, 9, 56, 492, 5172, 
59691, 726945, 9178434, 119000576, 1574504409, 21165153495, 288100598979, 0, 9, 
0, 1242, 0, 284820, 0, 79207730, 0, 24435080964, 0, 8010398049192>
,
<0, 2, 0, 18, 0, 335, 0, 8575, 0, 245637, 0, 7394310, 2, 8, 44, 372, 4032, 
48986, 626187, 8223018, 109860596, 1486300278, 20307098847, 279693611379, 0, 8, 
0, 957, 0, 243140, 0, 73167017, 0, 23524366068, 0, 7868208907812>
,
<0, 2, 0, 24, 0, 470, 0, 11235, 0, 297612, 0, 8425032, 2, 9, 56, 492, 5172, 
59691, 726945, 9178434, 119000576, 1574504409, 21165153495, 288100598979, 0, 10,
0, 1257, 0, 285040, 0, 79210985, 0, 24435129600, 0, 8010398781924>
,
<0, 2, 0, 24, 0, 470, 0, 11235, 0, 297612, 0, 8425032, 2, 9, 56, 492, 5172, 
59691, 726945, 9178434, 119000576, 1574504409, 21165153495, 288100598979, 0, 9, 
0, 1245, 0, 284880, 0, 79208745, 0, 24435097344, 0, 8010398308836>
,
<0, 2, 0, 18, 0, 335, 0, 8575, 0, 245637, 0, 7394310, 2, 8, 44, 372, 4032, 
48986, 626187, 8223018, 109860596, 1486300278, 20307098847, 279693611379, 0, 9, 
0, 969, 0, 243300, 0, 73169257, 0, 23524398324, 0, 7868209380900>
,
<0, 2, 0, 24, 0, 470, 0, 11200, 0, 293202, 0, 8124732, 2, 9, 56, 491, 5142, 
58786, 704930, 8719563, 110353154, 1422206024, 18606457410, 246547166938, 0, 9, 
0, 1239, 0, 277400, 0, 73399655, 0, 21318121944, 0, 6592356501192>
,
<0, 2, 0, 24, 0, 470, 0, 11200, 0, 293202, 0, 8124732, 2, 9, 56, 491, 5142, 
58786, 704930, 8719563, 110353154, 1422206024, 18606457410, 246547166938, 0, 10,
0, 1254, 0, 277610, 0, 73402630, 0, 21318164910, 0, 6592357131822>
,
<0, 2, 0, 18, 0, 290, 0, 6510, 0, 173502, 0, 5051970, 2, 8, 41, 308, 3032, 
34771, 431006, 5571348, 73842242, 994994438, 13566821336, 186665570515, 0, 8, 0,
744, 0, 168110, 0, 49170352, 0, 15711107958, 0, 5247660275550>
,
<0, 2, 0, 24, 0, 470, 0, 11200, 0, 293202, 0, 8124732, 2, 9, 56, 491, 5142, 
58786, 704930, 8719563, 110353154, 1422206024, 18606457410, 246547166938, 0, 9, 
0, 1239, 0, 277390, 0, 73399375, 0, 21318116274, 0, 6592356399090>
,
<0, 2, 0, 18, 0, 290, 0, 6510, 0, 173502, 0, 5051970, 2, 8, 41, 308, 3032, 
34771, 431006, 5571348, 73842242, 994994438, 13566821336, 186665570515, 0, 8, 0,
744, 0, 168110, 0, 49170352, 0, 15711107958, 0, 5247660275550>
,
<0, 2, 0, 21, 0, 340, 0, 7245, 0, 184212, 0, 5209050, 2, 8, 44, 344, 3352, 
37335, 450732, 5720636, 74964968, 1003421873, 13630085152, 187140979877, 0, 8, 
0, 828, 0, 176660, 0, 49927724, 0, 15776754588, 0, 5253362581500>
,
<0, 2, 0, 15, 0, 195, 0, 3780, 0, 93177, 0, 2612148, 2, 7, 32, 209, 1822, 19275,
227999, 2872091, 37536350, 501961547, 6816222679, 93576095750, 0, 7, 0, 471, 0, 
89720, 0, 25001207, 0, 7889431032, 0, 2626711883928>
,
<0, 2, 0, 21, 0, 330, 0, 6440, 0, 145152, 0, 3642870, 2, 8, 44, 329, 2962, 
29980, 328757, 3827507, 46676330, 590165678, 7674277327, 101983083350, 0, 8, 0, 
759, 0, 131450, 0, 31042655, 0, 8800156638, 0, 2768901182850>
,
<0, 2, 0, 15, 0, 195, 0, 3780, 0, 93177, 0, 2612148, 2, 7, 32, 209, 1822, 19275,
227999, 2872091, 37536350, 501961547, 6816222679, 93576095750, 0, 7, 0, 474, 0, 
89770, 0, 25001942, 0, 7889441742, 0, 2626712041470>
,
<0, 5, 0, 99, 0, 2450, 0, 67235, 0, 1956150, 0, 59092110, 4, 26, 235, 2570, 
30769, 386087, 4985656, 65681738, 878429449, 11888324861, 162447134326, 
2237503402415, 0, 34, 0, 7122, 0, 1933000, 0, 585024146, 0, 188186317704, 0, 
62945423976072>
,
<0, 3, 0, 51, 0, 1230, 0, 33635, 0, 978138, 0, 29546286, 2, 12, 113, 1270, 
15337, 192897, 2492380, 32839506, 439210589, 5944149907, 81223529290, 
1118751586795, 0, 18, 0, 3570, 0, 966600, 0, 292513298, 0, 94093174728, 0, 
31472712201480>
,
<0, 3, 0, 45, 0, 950, 0, 24045, 0, 673218, 0, 19981962, 2, 12, 97, 972, 11007, 
133757, 1696872, 22140300, 294570127, 3975496707, 54241850082, 746516775605, 0, 
16, 0, 2604, 0, 659860, 0, 196183148, 0, 62823326076, 0, 20989718468796>
,
<0, 3, 0, 51, 0, 1230, 0, 33635, 0, 978138, 0, 29546286, 3, 16, 126, 1310, 
15458, 193261, 2493473, 32842786, 439220430, 5944179431, 81223617863, 
1118751852515, 0, 19, 0, 3585, 0, 966820, 0, 292516553, 0, 94093223364, 0, 
31472712934212>
,
<0, 3, 0, 51, 0, 1230, 0, 33635, 0, 978138, 0, 29546286, 3, 16, 126, 1310, 
15458, 193261, 2493473, 32842786, 439220430, 5944179431, 81223617863, 
1118751852515, 0, 18, 0, 3570, 0, 966600, 0, 292513298, 0, 94093174728, 0, 
31472712201480>
,
<0, 2, 0, 27, 0, 620, 0, 16835, 0, 489132, 0, 14773374, 2, 9, 65, 660, 7742, 
96666, 1246835, 16421670, 219611000, 2972091954, 40611815345, 559375944705, 0, 
9, 0, 1785, 0, 483300, 0, 146256649, 0, 47046587364, 0, 15736356100740>
,
<0, 2, 0, 27, 0, 620, 0, 16835, 0, 489132, 0, 14773374, 2, 9, 65, 660, 7742, 
96666, 1246835, 16421670, 219611000, 2972091954, 40611815345, 559375944705, 0, 
11, 0, 1809, 0, 483620, 0, 146261129, 0, 47046651876, 0, 15736357046916>
,
<0, 2, 0, 27, 0, 620, 0, 16835, 0, 489132, 0, 14773374, 2, 9, 65, 660, 7742, 
96666, 1246835, 16421670, 219611000, 2972091954, 40611815345, 559375944705, 0, 
10, 0, 1794, 0, 483400, 0, 146257874, 0, 47046603240, 0, 15736356314184>
,
<0, 2, 0, 24, 0, 480, 0, 12040, 0, 336672, 0, 9991212, 2, 9, 57, 511, 5577, 
67096, 849081, 11072067, 147290769, 1987765354, 27120975741, 373258539110, 0, 
10, 0, 1326, 0, 330250, 0, 98096054, 0, 31411727550, 0, 10494860180574>
,
<0, 2, 0, 24, 0, 480, 0, 12040, 0, 336672, 0, 9991212, 2, 9, 57, 511, 5577, 
67096, 849081, 11072067, 147290769, 1987765354, 27120975741, 373258539110, 0, 9,
0, 1311, 0, 330030, 0, 98092799, 0, 31411678914, 0, 10494859447842>
,
<0, 2, 0, 24, 0, 480, 0, 12040, 0, 336672, 0, 9991212, 2, 9, 57, 511, 5577, 
67096, 849081, 11072067, 147290769, 1987765354, 27120975741, 373258539110, 0, 9,
0, 1311, 0, 330040, 0, 98093079, 0, 31411684584, 0, 10494859549944>
,
<0, 3, 0, 45, 0, 950, 0, 24045, 0, 673218, 0, 19981962, 3, 15, 106, 999, 11088, 
134000, 1697601, 22142487, 294576688, 3975516390, 54241909131, 746516952752, 0, 
16, 0, 2604, 0, 659860, 0, 196183148, 0, 62823326076, 0, 20989718468796>
,
<0, 3, 0, 45, 0, 930, 0, 22435, 0, 595098, 0, 16849602, 3, 15, 105, 964, 10288, 
119220, 1453420, 18355494, 237997122, 3148996960, 42330272020, 576201094633, 0, 
16, 0, 2466, 0, 569440, 0, 158413010, 0, 48870130176, 0, 16020795671496>
,
<0, 3, 0, 33, 0, 660, 0, 17115, 0, 491148, 0, 14788158, 3, 13, 81, 724, 8008, 
97810, 1251904, 16444662, 219717162, 2972588698, 40614162724, 559387119433, 0, 
15, 0, 1905, 0, 486180, 0, 146332809, 0, 47048716260, 0, 15736417602180>
,
<0, 3, 0, 33, 0, 570, 0, 12985, 0, 346878, 0, 10103478, 3, 13, 75, 597, 6013, 
69400, 861612, 11141553, 147681189, 1989979308, 27133614742, 373331059166, 0, 
14, 0, 1470, 0, 336010, 0, 98337974, 0, 31422178494, 0, 10495320022110>
,
<0, 3, 0, 45, 0, 930, 0, 22365, 0, 586278, 0, 16249002, 3, 15, 105, 963, 10233, 
117430, 1409460, 17437983, 220703013, 2844402480, 37212886890, 493094252012, 0, 
16, 0, 2460, 0, 554580, 0, 146796300, 0, 42636200796, 0, 13184712371292>
,
<0, 2, 0, 21, 0, 340, 0, 7245, 0, 184212, 0, 5209050, 2, 8, 45, 349, 3372, 
37405, 450963, 5721371, 74967258, 1003428913, 13630106613, 187141044942, 0, 8, 
0, 828, 0, 176660, 0, 49927724, 0, 15776754588, 0, 5253362581500>
];
