L:=[
<0, 9, 0, 162, 0, 3645, 0, 91854, 0, 2480058, 0, 70150212, 6, 45, 405, 4131, 
45684, 532899, 6451650, 80273835, 1020012426, 13179205359, 172616819769, 
2286601961445, 0, 65, 0, 11076, 0, 2561186, 0, 685324780, 0, 199618015149, 0, 
61451956525740>
,
<0, 5, 0, 82, 0, 1825, 0, 45934, 0, 1240050, 0, 35075172, 4, 25, 209, 2083, 
22890, 266583, 3226200, 40137979, 510009236, 6589611331, 86308434745, 
1143301052405, 0, 33, 0, 5540, 0, 1280610, 0, 342662572, 0, 99809009709, 0, 
30725978289292>
,
<0, 3, 0, 54, 0, 1215, 0, 30618, 0, 826686, 0, 23383404, 2, 15, 135, 1377, 
15228, 177633, 2150550, 26757945, 340004142, 4393068453, 57538939923, 
762200653815, 0, 23, 0, 3696, 0, 853742, 0, 228441640, 0, 66539338551, 0, 
20483985509196>
,
<0, 3, 0, 42, 0, 915, 0, 22974, 0, 620046, 0, 17537652, 2, 13, 105, 1043, 11448,
133299, 1613118, 20069035, 255004734, 3294805967, 43154218165, 571650528309, 0, 
17, 0, 2772, 0, 640322, 0, 171331468, 0, 49904506989, 0, 15362989171068>
,
<0, 3, 0, 38, 0, 715, 0, 16506, 0, 427686, 0, 11871948, 2, 11, 83, 769, 8078, 
91677, 1093704, 13501353, 170832860, 2202270145, 28809609491, 381384356519, 0, 
15, 0, 1984, 0, 434622, 0, 114737224, 0, 33307210695, 0, 10244879536012>
,
<0, 3, 0, 42, 0, 915, 0, 22974, 0, 620046, 0, 17537652, 3, 15, 111, 1059, 11493,
133425, 1613475, 20070051, 255007641, 3294814317, 43154242233, 571650597885, 0, 
17, 0, 2772, 0, 640322, 0, 171331468, 0, 49904506989, 0, 15362989171068>
,
<0, 2, 0, 28, 0, 610, 0, 15316, 0, 413364, 0, 11691768, 2, 10, 74, 706, 7662, 
88950, 1075650, 13380034, 170005094, 2196542878, 28769494822, 381100398590, 0, 
12, 0, 1850, 0, 426888, 0, 114221002, 0, 33269671410, 0, 10241992781020>
,
<0, 2, 0, 22, 0, 460, 0, 11494, 0, 310044, 0, 8768892, 2, 9, 59, 539, 5772, 
66783, 806934, 10035579, 127505390, 1647411635, 21577133943, 285825335837, 0, 9,
0, 1388, 0, 320178, 0, 85665916, 0, 24952255629, 0, 7681494611956>
,
<0, 2, 0, 20, 0, 360, 0, 8260, 0, 213864, 0, 5936040, 2, 8, 48, 402, 4087, 
45972, 547227, 6751738, 85419453, 1101143724, 14404829606, 190692249942, 0, 8, 
0, 994, 0, 217328, 0, 57368794, 0, 16653607482, 0, 5122439794428>
,
<0, 1, 0, 14, 0, 305, 0, 7658, 0, 206682, 0, 5845884, 1, 5, 37, 353, 3831, 
44475, 537825, 6690017, 85002547, 1098271439, 14384747411, 190550199295, 0, 7, 
0, 928, 0, 213454, 0, 57110536, 0, 16634835831, 0, 5120996390972>
,
<0, 1, 0, 8, 0, 155, 0, 3836, 0, 103362, 0, 2923008, 1, 4, 22, 186, 1941, 22308,
269109, 3345562, 42502843, 549140196, 7192386532, 95275136542, 0, 4, 0, 466, 0, 
106744, 0, 28555450, 0, 8317420050, 0, 2560498221908>
];
