L:=[
<0, 6, 0, 86, 0, 1660, 0, 37254, 0, 916020, 0, 23952060, 4, 25, 197, 1811, 
18370, 199015, 2258800, 26541115, 320350484, 3950530883, 49581281117, 
631461728005, 0, 36, 0, 4676, 0, 913040, 0, 215523812, 0, 56803010448, 0, 
16090127983248>
,
<0, 4, 0, 46, 0, 840, 0, 18662, 0, 458136, 0, 11976492, 2, 13, 99, 907, 9188, 
99515, 1129418, 13270603, 160175358, 1975265743, 24790641351, 315730866109, 0, 
20, 0, 2356, 0, 456720, 0, 107764356, 0, 28401536976, 0, 8045064418512>
,
<0, 4, 0, 42, 0, 670, 0, 13594, 0, 318276, 0, 8135028, 2, 11, 77, 661, 6438, 
68173, 764102, 8917301, 107237072, 1319833201, 16547138479, 210623581495, 0, 16,
0, 1656, 0, 308840, 0, 72103864, 0, 18951590232, 0, 5364596229432>
,
<0, 4, 0, 42, 0, 660, 0, 12838, 0, 285096, 0, 6939108, 2, 11, 75, 623, 5828, 
59313, 642050, 7282563, 85648062, 1036414961, 12830752047, 161808697025, 0, 16, 
0, 1524, 0, 259520, 0, 57298052, 0, 14619734592, 0, 4077807324624>
,
<0, 4, 0, 42, 0, 660, 0, 12810, 0, 281736, 0, 6727908, 2, 11, 75, 621, 5768, 
57953, 615940, 6830181, 78310746, 922531581, 11115725877, 136522207423, 0, 16, 
0, 1512, 0, 249000, 0, 52009720, 0, 12486132792, 0, 3292873266936>
,
<0, 4, 0, 46, 0, 840, 0, 18662, 0, 458136, 0, 11976492, 3, 15, 105, 923, 9233, 
99641, 1129775, 13271619, 160178265, 1975274093, 24790665419, 315730935685, 0, 
20, 0, 2356, 0, 456720, 0, 107764356, 0, 28401536976, 0, 8045064418512>
,
<0, 3, 0, 26, 0, 430, 0, 9366, 0, 229194, 0, 5988708, 2, 9, 56, 471, 4642, 
49891, 565084, 6636363, 80090702, 987641523, 12395345536, 157865504737, 0, 12, 
0, 1196, 0, 228560, 0, 53884628, 0, 14200800240, 0, 4022532636144>
,
<0, 3, 0, 24, 0, 345, 0, 6832, 0, 159264, 0, 4067976, 2, 8, 45, 348, 3267, 
34220, 382426, 4459712, 53621559, 659925252, 8273594100, 105311862430, 0, 10, 0,
846, 0, 154620, 0, 36054382, 0, 9475826868, 0, 2682298541604>
,
<0, 3, 0, 24, 0, 340, 0, 6454, 0, 142674, 0, 3470016, 2, 8, 44, 329, 2962, 
29790, 321400, 3642343, 42827054, 518216132, 6415400884, 80904420195, 0, 10, 0, 
780, 0, 129960, 0, 28651476, 0, 7309899048, 0, 2038904089200>
,
<0, 3, 0, 24, 0, 340, 0, 6440, 0, 140994, 0, 3364416, 2, 8, 44, 328, 2932, 
29110, 308345, 3416152, 39158396, 461274442, 5557887799, 68261175394, 0, 10, 0, 
774, 0, 124700, 0, 26007310, 0, 6243098148, 0, 1646437060356>
,
<0, 5, 0, 59, 0, 990, 0, 20419, 0, 479514, 0, 12246366, 4, 21, 137, 1091, 10130,
104555, 1157420, 13430955, 161116004, 1980890855, 24824805945, 315941021317, 0, 
26, 0, 2594, 0, 466760, 0, 108220658, 0, 28423525320, 0, 8046171287880>
,
<0, 3, 0, 31, 0, 500, 0, 10227, 0, 239820, 0, 6123414, 2, 11, 69, 547, 5068, 
52285, 578728, 6715523, 80558118, 990445729, 12412403765, 157970512765, 0, 14, 
0, 1306, 0, 233480, 0, 54111554, 0, 14211778536, 0, 4023085857384>
,
<0, 3, 0, 27, 0, 390, 0, 7399, 0, 166320, 0, 4157670, 2, 9, 53, 397, 3548, 
35813, 391534, 4512593, 53933744, 661797337, 8284977297, 105381912523, 0, 12, 0,
924, 0, 157940, 0, 36206044, 0, 9483149484, 0, 2682667393692>
,
<0, 3, 0, 27, 0, 380, 0, 6923, 0, 148260, 0, 3539250, 2, 9, 51, 371, 3198, 
31103, 328772, 3684451, 43072206, 519669707, 6424161175, 80957964029, 0, 12, 0, 
858, 0, 132960, 0, 28778050, 0, 7315716384, 0, 2039189137128>
,
<0, 3, 0, 27, 0, 380, 0, 6895, 0, 146160, 0, 3425070, 2, 9, 51, 369, 3158, 
30343, 315122, 3453969, 39373182, 462516147, 5565186465, 68304727147, 0, 12, 0, 
852, 0, 127700, 0, 26130300, 0, 6248485404, 0, 1646686964604>
,
<0, 3, 0, 31, 0, 500, 0, 10227, 0, 239820, 0, 6123414, 3, 13, 75, 563, 5113, 
52411, 579085, 6716539, 80561025, 990454079, 12412427833, 157970582341, 0, 14, 
0, 1306, 0, 233480, 0, 54111554, 0, 14211778536, 0, 4023085857384>
,
<0, 2, 0, 17, 0, 255, 0, 5131, 0, 119973, 0, 3061938, 2, 8, 41, 291, 2582, 
26276, 289739, 3358823, 40282082, 495231516, 6206226743, 78985328065, 0, 8, 0, 
662, 0, 116840, 0, 27057002, 0, 7105905144, 0, 2011543142136>
,
<0, 2, 0, 15, 0, 200, 0, 3717, 0, 83223, 0, 2079066, 2, 7, 33, 216, 1822, 18040,
196142, 2257358, 26969895, 330907320, 4142513509, 52691027944, 0, 7, 0, 471, 0, 
79070, 0, 18104247, 0, 4741590618, 0, 1341333910290>
,
<0, 2, 0, 15, 0, 195, 0, 3479, 0, 74193, 0, 1769856, 2, 7, 32, 203, 1647, 15685,
164761, 1843287, 21539126, 259843505, 3212105448, 40479053697, 0, 7, 0, 438, 0, 
66580, 0, 14390250, 0, 3657874068, 0, 1019594782008>
,
<0, 2, 0, 15, 0, 195, 0, 3465, 0, 73143, 0, 1712766, 2, 7, 32, 202, 1627, 15305,
157936, 1728046, 19689614, 231266725, 2782618093, 34152435256, 0, 7, 0, 435, 0, 
63950, 0, 13066375, 0, 3124258578, 0, 823343695746>
,
<0, 3, 0, 43, 0, 830, 0, 18627, 0, 458010, 0, 11976030, 3, 15, 105, 923, 9233, 
99641, 1129775, 13271619, 160178265, 1975274093, 24790665419, 315730935685, 0, 
18, 0, 2338, 0, 456520, 0, 107761906, 0, 28401505224, 0, 8045063991624>
,
<0, 2, 0, 23, 0, 420, 0, 9331, 0, 229068, 0, 5988246, 2, 9, 56, 471, 4642, 
49891, 565084, 6636363, 80090702, 987641523, 12395345536, 157865504737, 0, 10, 
0, 1178, 0, 228360, 0, 53882178, 0, 14200768488, 0, 4022532209256>
,
<0, 2, 0, 21, 0, 335, 0, 6797, 0, 159138, 0, 4067514, 2, 8, 45, 348, 3267, 
34220, 382426, 4459712, 53621559, 659925252, 8273594100, 105311862430, 0, 8, 0, 
828, 0, 154420, 0, 36051932, 0, 9475795116, 0, 2682298114716>
,
<0, 2, 0, 21, 0, 330, 0, 6419, 0, 142548, 0, 3469554, 2, 8, 44, 329, 2962, 
29790, 321400, 3642343, 42827054, 518216132, 6415400884, 80904420195, 0, 8, 0, 
762, 0, 129760, 0, 28649026, 0, 7309867296, 0, 2038903662312>
,
<0, 2, 0, 21, 0, 330, 0, 6405, 0, 140868, 0, 3363954, 2, 8, 44, 328, 2932, 
29110, 308345, 3416152, 39158396, 461274442, 5557887799, 68261175394, 0, 8, 0, 
756, 0, 124500, 0, 26004860, 0, 6243066396, 0, 1646436633468>
,
<0, 3, 0, 43, 0, 830, 0, 18627, 0, 458010, 0, 11976030, 2, 13, 99, 907, 9188, 
99515, 1129418, 13270603, 160175358, 1975265743, 24790641351, 315730866109, 0, 
18, 0, 2338, 0, 456520, 0, 107761906, 0, 28401505224, 0, 8045063991624>
,
<0, 3, 0, 27, 0, 440, 0, 9443, 0, 229740, 0, 5992470, 2, 9, 57, 479, 4688, 
50123, 566184, 6641419, 80113590, 987744467, 12395807889, 157867584377, 0, 14, 
0, 1242, 0, 229640, 0, 53910850, 0, 14201456616, 0, 4022549510760>
,
<0, 3, 0, 27, 0, 380, 0, 7175, 0, 162540, 0, 4099590, 2, 9, 51, 381, 3438, 
35093, 386872, 4482465, 53738946, 660536577, 8276808235, 105328915843, 0, 12, 0,
924, 0, 157300, 0, 36148700, 0, 9479278764, 0, 2682429498012>
,
<0, 2, 0, 23, 0, 420, 0, 9331, 0, 229068, 0, 5988246, 2, 9, 56, 471, 4642, 
49891, 565084, 6636363, 80090702, 987641523, 12395345536, 157865504737, 0, 10, 
0, 1178, 0, 228360, 0, 53882178, 0, 14200768488, 0, 4022532209256>
,
<0, 2, 0, 15, 0, 225, 0, 4739, 0, 114933, 0, 2996466, 2, 7, 35, 257, 2392, 
25195, 283467, 3321771, 40059818, 493880885, 6197928805, 78933863871, 0, 8, 0, 
630, 0, 114920, 0, 26956650, 0, 7100744184, 0, 2011274968824>
,
<0, 2, 0, 15, 0, 195, 0, 3605, 0, 81333, 0, 2050026, 2, 7, 32, 208, 1767, 17680,
193811, 2242294, 26872496, 330276940, 4138428978, 52664529604, 0, 7, 0, 471, 0, 
78750, 0, 18075575, 0, 4739655258, 0, 1341214962450>
];
