L:=[
<0, 5, 0, 62, 0, 1065, 0, 21714, 0, 492366, 0, 12004740, 3, 17, 123, 1053, 10023, 102549, 1105191, 12387909, 143195439, 1696845141, 20523104583, 252523136457, 0, 24, 0, 2600, 0, 446720, 0, 95273976, 0,
23079615552, 0, 6082405378368>
,
<0, 4, 0, 41, 0, 620, 0, 11739, 0, 255885, 0, 6115626, 3, 14, 84, 627, 5493, 53714, 565512, 6264757, 71996631, 850720122, 10275024576, 126341748135, 0, 18, 0, 1460, 0, 228960, 0, 47862780, 0, 
11549742624, 0, 3041666585760>
,
<0, 3, 0, 32, 0, 535, 0, 10864, 0, 246204, 0, 6002436, 3, 13, 75, 567, 5133, 51639, 553689, 6197235, 71607561, 848452095, 10261640865, 126261833949, 0, 14, 0, 1316, 0, 223520, 0, 47638780, 0, 
11539829280, 0, 3041202959520>
,
<0, 2, 0, 17, 0, 270, 0, 5439, 0, 123123, 0, 3001284, 2, 7, 38, 284, 2567, 25820, 276845, 3098618, 35803781, 424226048, 5130820433, 63130916975, 0, 7, 0, 658, 0, 111760, 0, 23819390, 0, 5769914640, 0, 
1520601479760>
,
<0, 3, 0, 26, 0, 355, 0, 6314, 0, 132804, 0, 3114474, 3, 12, 60, 384, 3048, 28259, 289761, 3169420, 36202692, 426523599, 5144292717, 63211096881, 0, 13, 0, 818, 0, 117360, 0, 24045182, 0, 5779849488, 
0, 1521065376336>
,
<0, 3, 0, 32, 0, 535, 0, 10864, 0, 246204, 0, 6002436, 2, 10, 65, 536, 5037, 51345, 552792, 6194508, 71599289, 848427047, 10261565118, 126261605123, 0, 13, 0, 1306, 0, 223410, 0, 47637478, 0, 
11539813068, 0, 3041202750168>
,
<0, 2, 0, 17, 0, 270, 0, 5439, 0, 123123, 0, 3001284, 2, 8, 41, 293, 2592, 25890, 277041, 3099171, 35805350, 424230524, 5130833259, 63130953869, 0, 8, 0, 664, 0, 111810, 0, 23819880, 0, 5769919932, 0, 
1520601540744>
,
<0, 2, 0, 14, 0, 180, 0, 3164, 0, 66423, 0, 1557303, 2, 7, 32, 197, 1537, 14165, 144979, 1584987, 18102131, 213264038, 2572152772, 31605566888, 0, 7, 0, 412, 0, 58705, 0, 12022836, 0, 2889927390, 0, 
760532718660>
];
