L:=[
<0, 9, 0, 146, 0, 2965, 0, 68334, 0, 1707930, 0, 45157860, 5, 35, 299, 2899, 
30495, 339085, 3924485, 46820435, 572068847, 7125843673, 90186907585, 
1156824665725, 0, 50, 0, 7436, 0, 1543940, 0, 377596884, 0, 101844783768, 0, 
29321320245360>
,
<0, 5, 0, 74, 0, 1485, 0, 34174, 0, 853986, 0, 22578996, 3, 19, 153, 1459, 
15273, 169613, 1962439, 23410771, 286035993, 3562926313, 45093466619, 
578412369757, 0, 26, 0, 3724, 0, 772020, 0, 188798932, 0, 50922397176, 0, 
14660660183664>
,
<0, 5, 0, 62, 0, 1105, 0, 23954, 0, 582246, 0, 15203628, 3, 17, 125, 1101, 
10933, 117631, 1336779, 15789869, 191887373, 2383264131, 30116329675, 
385978635295, 0, 24, 0, 2728, 0, 527330, 0, 126636216, 0, 34000066212, 0, 
9777495522696>
,
<0, 5, 0, 62, 0, 1065, 0, 21854, 0, 503706, 0, 12597948, 3, 17, 123, 1055, 
10093, 104331, 1142417, 13075675, 154939089, 1887142331, 23498297353, 
297887753801, 0, 24, 0, 2604, 0, 457280, 0, 102500692, 0, 26478326112, 0, 
7466732198640>
,
<0, 5, 0, 62, 0, 1065, 0, 21714, 0, 492366, 0, 12006588, 3, 17, 123, 1053, 
10023, 102551, 1105317, 12393133, 143358471, 1701053811, 20618447193, 
254490862879, 0, 24, 0, 2600, 0, 446730, 0, 95350584, 0, 23185477812, 0, 
6164009039496>
,
<0, 3, 0, 38, 0, 745, 0, 17094, 0, 427014, 0, 11289564, 2, 11, 80, 739, 7662, 
84877, 981416, 11705939, 143019566, 1781467633, 22546746136, 289206221773, 0, 
14, 0, 1868, 0, 386060, 0, 94399956, 0, 25461203880, 0, 7330330152816>
,
<0, 3, 0, 32, 0, 555, 0, 11984, 0, 291144, 0, 7601880, 2, 10, 66, 560, 5492, 
58886, 668586, 7895488, 95945256, 1191636542, 15058177664, 192989354542, 0, 13, 
0, 1370, 0, 263715, 0, 63318598, 0, 17000038398, 0, 4888747822332>
,
<0, 3, 0, 32, 0, 535, 0, 10934, 0, 251874, 0, 6299040, 2, 10, 65, 537, 5072, 
52236, 571405, 6538391, 77471114, 943575642, 11749161503, 148943913795, 0, 13, 
0, 1308, 0, 228690, 0, 51250836, 0, 13239168348, 0, 3733366160304>
,
<0, 3, 0, 32, 0, 535, 0, 10864, 0, 246204, 0, 6003360, 2, 10, 65, 536, 5037, 
51346, 552855, 6197120, 71680805, 850531382, 10309236423, 127245468334, 0, 13, 
0, 1306, 0, 223415, 0, 47675782, 0, 11592744198, 0, 3082004580732>
,
<0, 3, 0, 26, 0, 365, 0, 6874, 0, 155274, 0, 3914196, 2, 9, 52, 381, 3322, 
32895, 355756, 4085037, 48870946, 601805451, 7569609192, 96772487311, 0, 12, 0, 
872, 0, 141370, 0, 32237240, 0, 8538872916, 0, 2447165491848>
,
<0, 3, 0, 26, 0, 345, 0, 5824, 0, 116004, 0, 2611356, 2, 9, 51, 358, 2902, 
26245, 258575, 2727940, 30396804, 353744551, 4260593031, 52727046564, 0, 12, 0, 
810, 0, 106345, 0, 20169478, 0, 4778002866, 0, 1291783829820>
,
<0, 5, 0, 74, 0, 1485, 0, 34174, 0, 853986, 0, 22578996, 2, 18, 149, 1450, 
15247, 169543, 1962242, 23410218, 286034423, 3562921837, 45093453792, 
578412332863, 0, 27, 0, 3734, 0, 772130, 0, 188800234, 0, 50922413388, 0, 
14660660393016>
,
<0, 3, 0, 38, 0, 745, 0, 17094, 0, 427014, 0, 11289564, 2, 12, 83, 750, 7697, 
84989, 981766, 11707026, 143022917, 1781477919, 22546777596, 289206317739, 0, 
15, 0, 1878, 0, 386170, 0, 94401258, 0, 25461220092, 0, 7330330362168>
,
<0, 3, 0, 32, 0, 555, 0, 11984, 0, 291144, 0, 7601880, 2, 10, 65, 556, 5477, 
58837, 668432, 7895020, 95943857, 1191632407, 15058165520, 192989319013, 0, 13, 
0, 1370, 0, 263720, 0, 63318710, 0, 17000040288, 0, 4888747851504>
,
<0, 3, 0, 32, 0, 535, 0, 10934, 0, 251874, 0, 6299040, 2, 10, 65, 538, 5077, 
52257, 571482, 6538658, 77472005, 943578547, 11749170820, 148943943331, 0, 13, 
0, 1310, 0, 228720, 0, 51251242, 0, 13239173808, 0, 3733366234488>
,
<0, 3, 0, 32, 0, 535, 0, 10864, 0, 246204, 0, 6003360, 2, 10, 65, 536, 5037, 
51347, 552862, 6197156, 71680961, 850531997, 10309238700, 127245476409, 0, 13, 
0, 1306, 0, 223420, 0, 47675894, 0, 11592746088, 0, 3082004609904>
,
<0, 2, 0, 20, 0, 375, 0, 8554, 0, 213528, 0, 5644848, 2, 9, 50, 400, 3922, 
42712, 491528, 5855430, 71517164, 890755960, 11273439498, 144603310177, 0, 9, 0,
950, 0, 193190, 0, 47201770, 0, 12730623444, 0, 3665165346744>
,
<0, 2, 0, 17, 0, 280, 0, 5999, 0, 145593, 0, 3801006, 2, 8, 41, 303, 2812, 
29636, 334861, 3949427, 47977634, 595833204, 7529133460, 96494810814, 0, 8, 0, 
696, 0, 131965, 0, 31660496, 0, 8500033542, 0, 2444374091412>
,
<0, 2, 0, 17, 0, 270, 0, 5474, 0, 125958, 0, 3149586, 2, 8, 41, 294, 2612, 
26346, 286386, 3271246, 38741708, 471806274, 5874636110, 74472122973, 0, 8, 0, 
666, 0, 114465, 0, 25626762, 0, 6619600302, 0, 1866683282904>
,
<0, 2, 0, 17, 0, 270, 0, 5439, 0, 123123, 0, 3001746, 2, 8, 41, 293, 2592, 
25891, 277076, 3100495, 35846186, 425282999, 5154670050, 63622889512, 0, 8, 0, 
664, 0, 111815, 0, 23839088, 0, 5796386442, 0, 1541002470612>
,
<0, 2, 0, 14, 0, 185, 0, 3444, 0, 77658, 0, 1957164, 2, 7, 32, 206, 1702, 16560,
178194, 2043424, 24438104, 300910448, 3784827422, 48386311451, 0, 7, 0, 442, 0, 
70740, 0, 16119222, 0, 4269443640, 0, 1223582836080>
,
<0, 2, 0, 14, 0, 175, 0, 2919, 0, 58023, 0, 1305744, 2, 7, 32, 197, 1502, 13270,
129719, 1365243, 15202178, 176883518, 2130330072, 26363623610, 0, 7, 0, 412, 0, 
53240, 0, 10085488, 0, 2389010400, 0, 645892027572>
,
<0, 5, 0, 74, 0, 1485, 0, 34174, 0, 853986, 0, 22578996, 4, 22, 163, 1490, 
15369, 169907, 1963336, 23413498, 286044265, 3562951361, 45093542366, 
578412598583, 0, 27, 0, 3734, 0, 772130, 0, 188800234, 0, 50922413388, 0, 
14660660393016>
,
<0, 3, 0, 38, 0, 745, 0, 17094, 0, 427014, 0, 11289564, 2, 10, 77, 730, 7637, 
84807, 981220, 11705386, 143017997, 1781463157, 22546733310, 289206184879, 0, 
13, 0, 1862, 0, 386010, 0, 94399466, 0, 25461198588, 0, 7330330091832>
,
<0, 3, 0, 32, 0, 555, 0, 11984, 0, 291144, 0, 7601880, 2, 10, 67, 564, 5507, 
58937, 668754, 7896028, 95946967, 1191641907, 15058194362, 192989406221, 0, 13, 
0, 1370, 0, 263720, 0, 63318710, 0, 17000040288, 0, 4888747851504>
,
<0, 3, 0, 38, 0, 745, 0, 17094, 0, 427014, 0, 11289564, 3, 14, 90, 770, 7758, 
85171, 982313, 11708666, 143027838, 1781492681, 22546821883, 289206450599, 0, 
15, 0, 1878, 0, 386170, 0, 94401258, 0, 25461220092, 0, 7330330362168>
,
<0, 2, 0, 20, 0, 375, 0, 8554, 0, 213528, 0, 5644848, 2, 8, 47, 390, 3892, 
42621, 491255, 5854610, 71514704, 890748579, 11273417355, 144603243747, 0, 8, 0,
942, 0, 193110, 0, 47200874, 0, 12730612692, 0, 3665165211576>
,
<0, 2, 0, 17, 0, 280, 0, 5999, 0, 145593, 0, 3801006, 2, 8, 42, 307, 2827, 
29686, 335022, 3949931, 47979189, 595837954, 7529147881, 96494854418, 0, 8, 0, 
696, 0, 131965, 0, 31660496, 0, 8500033542, 0, 2444374091412>
,
<0, 3, 0, 32, 0, 555, 0, 11984, 0, 291144, 0, 7601880, 3, 13, 76, 591, 5588, 
59180, 669483, 7898215, 95953528, 1191661590, 15058253411, 192989583368, 0, 14, 
0, 1380, 0, 263825, 0, 63319900, 0, 17000054610, 0, 4888748031684>
,
<0, 3, 0, 32, 0, 535, 0, 10934, 0, 251874, 0, 6299040, 3, 13, 75, 568, 5168, 
52530, 572302, 6541118, 77479386, 943600690, 11749237250, 148944142621, 0, 14, 
0, 1318, 0, 228800, 0, 51252138, 0, 13239184560, 0, 3733366369656>
,
<0, 3, 0, 32, 0, 535, 0, 10864, 0, 246204, 0, 6003360, 3, 13, 75, 567, 5133, 
51640, 553752, 6199847, 71689077, 850556430, 10309312170, 127245697160, 0, 14, 
0, 1316, 0, 223525, 0, 47677084, 0, 11592760410, 0, 3082004790084>
,
<0, 2, 0, 14, 0, 185, 0, 3444, 0, 77658, 0, 1957164, 2, 7, 33, 211, 1722, 16630,
178425, 2044159, 24440394, 300917488, 3784848883, 48386376516, 0, 7, 0, 444, 0, 
70765, 0, 16119516, 0, 4269447210, 0, 1223582881092>
];
