L:=[
<0, 3, 0, 24, 0, 285, 0, 4242, 0, 73206, 0, 1403028, 3, 12, 60, 363, 2553, 20109, 172371, 1575933, 15156471, 151850466, 1573668198, 16779193407, 0, 13, 0, 728, 0, 73565, 0, 10232600, 0, 1738294152, 0, 
338515970496>
,
<0, 2, 0, 13, 0, 145, 0, 2128, 0, 36624, 0, 701580, 2, 7, 32, 186, 1287, 10080, 86249, 788128, 7578653, 75926327, 786836998, 8389604459, 0, 7, 0, 366, 0, 36795, 0, 5116398, 0, 869147958, 0, 
169257993960>
,
<0, 1, 0, 8, 0, 95, 0, 1414, 0, 24402, 0, 467676, 1, 4, 20, 121, 851, 6703, 57457, 525311, 5052157, 50616822, 524556066, 5593064469, 0, 5, 0, 244, 0, 24525, 0, 3410876, 0, 579431412, 0, 112838656920>
,
<0, 1, 0, 5, 0, 50, 0, 714, 0, 12222, 0, 233904, 1, 3, 12, 65, 436, 3377, 28792, 262817, 2526496, 25309505, 262280932, 2796539990, 0, 3, 0, 124, 0, 12275, 0, 1705536, 0, 289716588, 0, 56419337172>
];
