L:=[
<0, 6, 0, 90, 0, 1860, 0, 44730, 0, 1172556, 0, 32496156, 3, 21, 183, 1845, 20223, 234129, 2816523, 34857909, 440957055, 5676091641, 74106653283, 978982132401, 0, 32, 0, 4920, 0, 1109120, 0, 293308120, 0, 84843343872, 0, 25999253294784>
,
<0, 5, 0, 63, 0, 1130, 0, 24815, 0, 618030, 0, 16674966, 3, 17, 123, 1089, 11043, 122489, 1440771, 17627969, 221716707, 2845847457, 37102986891, 489809824425, 0, 24, 0, 2748, 0, 567360, 0, 147281260, 0, 42454185984, 0, 13001375180640>
,
<0, 4, 0, 48, 0, 940, 0, 22400, 0, 586404, 0, 16248540, 3, 15, 105, 963, 10233, 117429, 1409355, 17432235, 220488369, 2838075345, 37053415215, 489491331921, 0, 20, 0, 2508, 0, 555200, 0, 146663020, 0, 42421800960, 0, 12999628539744>
,
<0, 3, 0, 45, 0, 930, 0, 22365, 0, 586278, 0, 16248078, 3, 15, 105, 963, 10233, 117429, 1409355, 17432235, 220488369, 2838075345, 37053415215, 489491331921, 0, 16, 0, 2460, 0, 554560, 0, 146654060, 0, 42421671936, 0, 12999626647392>
,
<0, 4, 0, 48, 0, 940, 0, 22400, 0, 586404, 0, 16248540, 2, 12, 95, 932, 10137, 117135, 1408458, 17429508, 220480097, 2838050297, 37053339468, 489491103095, 0, 18, 0, 2478, 0, 554760, 0, 146656510, 0, 42421703688, 0, 12999627074280>
,
<0, 3, 0, 45, 0, 930, 0, 22365, 0, 586278, 0, 16248078, 2, 12, 95, 932, 10137, 117135, 1408458, 17429508, 220480097, 2838050297, 37053339468, 489491103095, 0, 16, 0, 2460, 0, 554560, 0, 146654060, 0, 42421671936, 0, 12999626647392>
,
<0, 2, 0, 30, 0, 620, 0, 14910, 0, 390852, 0, 10832052, 1, 7, 61, 615, 6741, 78043, 938841, 11619303, 146985685, 1892030547, 24702217761, 326327377467, 0, 12, 0, 1644, 0, 369720, 0, 97769420, 0, 28281114792, 0, 8666417765544>
,
<0, 3, 0, 27, 0, 480, 0, 11235, 0, 293328, 0, 8124732, 2, 8, 53, 482, 5117, 58715, 704678, 8716118, 110244185, 1419037673, 18526707608, 244745665961, 0, 10, 0, 1254, 0, 277600, 0, 73331510, 0, 21210900480, 0, 6499814269872>
,
<0, 2, 0, 24, 0, 470, 0, 11200, 0, 293202, 0, 8124270, 2, 8, 53, 482, 5117, 58715, 704678, 8716118, 110244185, 1419037673, 18526707608, 244745665961, 0, 10, 0, 1254, 0, 277600, 0, 73331510, 0, 21210900480, 0, 6499814269872>
,
<0, 4, 0, 42, 0, 670, 0, 13650, 0, 324954, 0, 8551158, 3, 14, 84, 648, 6048, 64139, 737187, 8915132, 111482364, 1426839309, 18576367857, 245064424185, 0, 18, 0, 1542, 0, 290400, 0, 73958710, 0, 21243414528, 0, 6501562803120>
,
<0, 3, 0, 33, 0, 570, 0, 12425, 0, 309078, 0, 8337714, 3, 13, 75, 585, 5643, 61609, 721479, 8817265, 110868195, 1422953253, 18551582019, 244905177933, 0, 14, 0, 1398, 0, 284000, 0, 73645110, 0, 21227157504, 0, 6500688536496>
,
<0, 3, 0, 27, 0, 480, 0, 11235, 0, 293328, 0, 8124732, 3, 12, 66, 522, 5238, 59079, 705771, 8719398, 110254026, 1419067197, 18526796181, 244745931681, 0, 14, 0, 1302, 0, 278240, 0, 73340470, 0, 21211029504, 0, 6499816162224>
,
<0, 3, 0, 33, 0, 570, 0, 12425, 0, 309078, 0, 8337714, 2, 10, 65, 554, 5547, 61315, 720582, 8814538, 110859923, 1422928205, 18551506272, 244904949107, 0, 13, 0, 1383, 0, 283780, 0, 73641855, 0, 21227108868, 0, 6500687803764>
,
<0, 3, 0, 27, 0, 480, 0, 11235, 0, 293328, 0, 8124732, 2, 9, 56, 491, 5142, 58785, 704874, 8716671, 110245754, 1419042149, 18526720434, 244745702855, 0, 12, 0, 1272, 0, 277800, 0, 73333960, 0, 21210932232, 0, 6499814696760>
,
<0, 2, 0, 24, 0, 470, 0, 11200, 0, 293202, 0, 8124270, 2, 9, 56, 491, 5142, 58785, 704874, 8716671, 110245754, 1419042149, 18526720434, 244745702855, 0, 10, 0, 1254, 0, 277600, 0, 73331510, 0, 21210900480, 0, 6499814269872>
,
<0, 2, 0, 24, 0, 470, 0, 11200, 0, 293202, 0, 8124270, 2, 9, 56, 491, 5142, 58785, 704874, 8716671, 110245754, 1419042149, 18526720434, 244745702855, 0, 9, 0, 1239, 0, 277380, 0, 73328255, 0, 21210851844, 0, 6499813537140>
,
<0, 1, 0, 15, 0, 310, 0, 7455, 0, 195426, 0, 5416026, 1, 5, 35, 321, 3411, 39143, 469785, 5810745, 73496123, 946025115, 12351138405, 163163777307, 0, 6, 0, 822, 0, 184860, 0, 48884710, 0, 14140557396, 0, 4333208882772>
,
<0, 2, 0, 18, 0, 320, 0, 7490, 0, 195552, 0, 5416488, 1, 5, 34, 317, 3396, 39092, 469617, 5810205, 73494412, 946019750, 12351121707, 163163725628, 0, 8, 0, 840, 0, 185060, 0, 48887160, 0, 14140589148, 0, 4333209309660>
,
<0, 1, 0, 15, 0, 310, 0, 7455, 0, 195426, 0, 5416026, 1, 5, 34, 317, 3396, 39092, 469617, 5810205, 73494412, 946019750, 12351121707, 163163725628, 0, 6, 0, 822, 0, 184860, 0, 48884710, 0, 14140557396, 0, 4333208882772>
,
<0, 2, 0, 18, 0, 290, 0, 6230, 0, 154602, 0, 4169088, 2, 7, 38, 293, 2822, 30805, 360740, 4408633, 55434098, 711476627, 9275791010, 122452588967, 0, 7, 0, 699, 0, 142000, 0, 36822555, 0, 10613578752, 0, 3250344268248>
,
<0, 3, 0, 27, 0, 390, 0, 7455, 0, 170478, 0, 4382532, 3, 12, 60, 396, 3348, 33699, 377541, 4509780, 56058108, 715392207, 9300665421, 122612100939, 0, 13, 0, 867, 0, 148720, 0, 37140635, 0, 10629900288, 0, 3251219481048>
,
<0, 2, 0, 18, 0, 290, 0, 6230, 0, 154602, 0, 4169088, 2, 8, 41, 302, 2847, 30875, 360936, 4409186, 55435667, 711481103, 9275803836, 122452625861, 0, 8, 0, 708, 0, 142100, 0, 36823780, 0, 10613594628, 0, 3250344481692>
,
<0, 3, 0, 24, 0, 345, 0, 6860, 0, 162603, 0, 4276041, 2, 8, 44, 329, 3037, 32105, 368692, 4457843, 55741967, 713421893, 9288190342, 122532230540, 0, 10, 0, 780, 0, 145300, 0, 36980580, 0, 10621723140, 0, 3250781615004>
,
<0, 2, 0, 15, 0, 245, 0, 5635, 0, 146727, 0, 4062597, 2, 7, 35, 266, 2632, 29575, 352984, 4359976, 55127798, 709535837, 9263404504, 122372984288, 0, 8, 0, 660, 0, 139220, 0, 36671460, 0, 10605530628, 0, 3249908294556>
,
<0, 2, 0, 21, 0, 335, 0, 6825, 0, 162477, 0, 4275579, 2, 8, 44, 329, 3037, 32105, 368692, 4457843, 55741967, 713421893, 9288190342, 122532230540, 0, 9, 0, 771, 0, 145200, 0, 36979355, 0, 10621707264, 0, 3250781401560>
,
<0, 2, 0, 15, 0, 245, 0, 5635, 0, 146727, 0, 4062597, 2, 7, 35, 266, 2632, 29575, 352984, 4359976, 55127798, 709535837, 9263404504, 122372984288, 0, 7, 0, 651, 0, 139120, 0, 36670235, 0, 10605514752, 0, 3249908081112>
,
<0, 1, 0, 9, 0, 160, 0, 3745, 0, 97776, 0, 2708244, 1, 4, 21, 170, 1731, 19642, 235089, 2905926, 36749631, 473017034, 6175582029, 81581925548, 0, 4, 0, 420, 0, 92530, 0, 24443580, 0, 7070294574, 0, 2166604654830>
,
<0, 1, 0, 9, 0, 160, 0, 3745, 0, 97776, 0, 2708244, 1, 4, 22, 174, 1746, 19693, 235257, 2906466, 36751342, 473022399, 6175598727, 81581977227, 0, 6, 0, 438, 0, 92760, 0, 24446870, 0, 7070343336, 0, 2166605388024>
,
<0, 2, 0, 15, 0, 200, 0, 3745, 0, 85302, 0, 2191497, 2, 7, 32, 203, 1687, 16885, 188869, 2255167, 28029839, 357698342, 4650339124, 61306068917, 0, 7, 0, 438, 0, 74410, 0, 18570930, 0, 5314958082, 0, 1625609847246>
,
<0, 1, 0, 9, 0, 130, 0, 2485, 0, 56826, 0, 1460844, 1, 4, 20, 132, 1116, 11233, 125847, 1503260, 18686036, 238464069, 3100221807, 40870700313, 0, 5, 0, 291, 0, 49580, 0, 12380235, 0, 3543300180, 0, 1083739827324>
,
<0, 1, 0, 6, 0, 85, 0, 1890, 0, 48951, 0, 1354353, 1, 3, 13, 92, 886, 9882, 117727, 1453510, 18376456, 236513438, 3087805777, 40791007061, 0, 4, 0, 228, 0, 46480, 0, 12224660, 0, 3535187544, 0, 1083302907456>
,
<0, 1, 0, 6, 0, 85, 0, 1890, 0, 48951, 0, 1354353, 1, 3, 13, 92, 886, 9882, 117727, 1453510, 18376456, 236513438, 3087805777, 40791007061, 0, 3, 0, 219, 0, 46380, 0, 12223435, 0, 3535171668, 0, 1083302694012>
,
<0, 1, 0, 6, 0, 70, 0, 1260, 0, 28476, 0, 730653, 1, 3, 12, 71, 571, 5652, 63022, 751907, 9343803, 119234273, 1550117317, 20435368604, 0, 3, 0, 150, 0, 24840, 0, 6190730, 0, 1771658028, 0, 541870020384>
];
