L:=[
<0, 5, 0, 58, 0, 925, 0, 17598, 0, 374850, 0, 8638740, 4, 21, 137, 1059, 9250, 
88075, 892540, 9478251, 104393828, 1184015783, 13756977657, 163109827813, 0, 26,
0, 2444, 0, 366740, 0, 70009940, 0, 15468784248, 0, 3769925528688>
,
<0, 3, 0, 30, 0, 465, 0, 8806, 0, 187446, 0, 4319436, 2, 11, 69, 531, 4628, 
44045, 446288, 4739171, 52197030, 592008193, 6878489621, 81554916013, 0, 14, 0, 
1228, 0, 183420, 0, 35005460, 0, 7734397416, 0, 1884962825328>
,
<0, 3, 0, 26, 0, 355, 0, 6258, 0, 128646, 0, 2917332, 2, 9, 53, 385, 3238, 
30163, 301934, 3184749, 34948064, 395586301, 4591357059, 54406139191, 0, 12, 0, 
872, 0, 124190, 0, 23426424, 0, 5161147212, 0, 1256936939016>
,
<0, 3, 0, 26, 0, 345, 0, 5782, 0, 112686, 0, 2442132, 2, 9, 51, 359, 2908, 
26103, 252822, 2595083, 27872238, 310353971, 3558078967, 41781089633, 0, 12, 0, 
812, 0, 105080, 0, 18674068, 0, 3986830992, 0, 956002577904>
,
<0, 3, 0, 26, 0, 345, 0, 5754, 0, 110586, 0, 2341812, 2, 9, 51, 357, 2868, 
25403, 241552, 2424269, 25390458, 275323491, 3073224927, 35158288591, 0, 12, 0, 
808, 0, 101370, 0, 17047800, 0, 3421846932, 0, 775004922120>
,
<0, 3, 0, 30, 0, 465, 0, 8806, 0, 187446, 0, 4319436, 3, 13, 75, 547, 4673, 
44171, 446645, 4740187, 52199937, 592016543, 6878513689, 81554985589, 0, 14, 0, 
1228, 0, 183420, 0, 35005460, 0, 7734397416, 0, 1884962825328>
,
<0, 2, 0, 16, 0, 235, 0, 4410, 0, 93744, 0, 2159784, 2, 8, 41, 283, 2362, 22156,
223519, 2370647, 26101538, 296012748, 3439269671, 40777529689, 0, 8, 0, 620, 0, 
91760, 0, 17503220, 0, 3867204000, 0, 942481473648>
,
<0, 2, 0, 14, 0, 180, 0, 3136, 0, 64344, 0, 1458732, 2, 7, 33, 210, 1667, 15215,
151342, 1593436, 17477055, 197801802, 2295703390, 27203141278, 0, 7, 0, 442, 0, 
62145, 0, 11713702, 0, 2580578898, 0, 628468530492>
,
<0, 2, 0, 14, 0, 175, 0, 2898, 0, 56364, 0, 1221132, 2, 7, 32, 197, 1502, 13185,
126786, 1298603, 13939142, 155185637, 1779064344, 20890616499, 0, 7, 0, 412, 0, 
52590, 0, 9337524, 0, 1993420788, 0, 478001349936>
,
<0, 2, 0, 14, 0, 175, 0, 2884, 0, 55314, 0, 1170972, 2, 7, 32, 196, 1482, 12835,
121151, 1213196, 12698252, 137670397, 1536637324, 17579215978, 0, 7, 0, 410, 0, 
50735, 0, 8524390, 0, 1710928758, 0, 387502522044>
];
