L:=[
<1, 6, 18, 14, 23, 140, 140, 186, 302, 110, 68, 571, 656, 1450, 2752, 1262, 
1269, 2880, 2288, 590>
,
<1, 2, 2, 10, 7, 0, 20, 18, 18, 54, 12, 3, 80, 14, 0, 98, 29, 160, 88, 202>
,
<1, 3, 3, 5, 8, 8, 11, 6, 11, 11, 17, 16, 23, 10, 22, 26, 12, 15, 26, 20>
,
<1, 4, 6, 4, 11, 30, 20, 18, 24, 10, 24, 79, 48, 76, 96, 48, 29, 48, 56, 20>
,
<1, 5, 11, 7, 16, 72, 59, 66, 93, 27, 39, 240, 221, 410, 642, 230, 236, 457, 
298, 64>
,
<1, 2, 2, 2, 3, 0, 4, 6, 2, 6, 4, 3, 8, 6, 0, 10, 9, 8, 8, 10>
,
<1, 4, 10, 4, 9, 20, 10, 26, 4, 6, 16, 35, 16, 20, 0, 20, 59, 16, 50, 20>
,
<1, 0, 2, 0, 1, 0, 2, 2, 0, 6, 0, 3, 0, 0, 0, 0, 3, 0, 10, 0>
,
<1, 1, 1, 1, 0, 2, 1, 2, 1, 3, 1, 2, 1, 2, 0, 2, 2, 1, 2, 2>
,
<1, 2, 2, 2, 1, 2, 2, 2, 2, 6, 0, 3, 0, 10, 0, 10, 3, 0, 10, 10>
,
<1, 3, 5, 3, 4, 6, 5, 2, 3, 3, 3, 6, 3, 6, 0, 6, 6, 3, 10, 6>
,
<1, 0, 2, 0, 5, 0, 2, 14, 0, 6, 0, 3, 0, 0, 0, 0, 23, 0, 10, 0>
];
