L:=[
<1, 6, 16, 14, 27, 152, 154, 204, 342, 132, 92, 741, 852, 1886, 3600, 1686, 
1695, 3956, 3210, 862>
,
<1, 4, 8, 4, 9, 24, 12, 12, 4, 4, 16, 45, 16, 20, 0, 20, 13, 16, 52, 20>
,
<1, 2, 4, 2, 3, 0, 2, 12, 2, 8, 4, 9, 4, 10, 0, 10, 27, 4, 18, 10>
,
<1, 0, 4, 0, 9, 0, 4, 36, 0, 16, 0, 9, 0, 0, 0, 0, 81, 0, 36, 0>
,
<1, 2, 2, 6, 5, 0, 12, 12, 10, 30, 8, 3, 44, 10, 0, 54, 19, 84, 48, 106>
,
<1, 0, 2, 0, 3, 0, 2, 8, 0, 6, 0, 3, 0, 0, 0, 0, 13, 0, 10, 0>
,
<1, 0, 1, 2, 0, 2, 1, 0, 0, 3, 2, 0, 0, 2, 6, 0, 6, 2, 0, 10>
,
<1, 2, 0, 2, 3, 0, 6, 0, 2, 0, 4, 1, 4, 2, 0, 2, 3, 4, 6, 2>
,
<1, 0, 0, 0, 1, 0, 0, 0, 0, 0, 0, 1, 0, 0, 0, 0, 1, 0, 0, 0>
,
<1, 0, 1, 0, 0, 0, 1, 0, 0, 1, 0, 0, 0, 0, 0, 0, 0, 0, 0, 0>
];
