L:=[
<1, 1, 1, 1, 1, 1, 1, 1, 1, 1, 1, 1, 1, 1, 1, 1, 1, 1, 1, 1>
,
<1, 2, 3, 4, 4, 8, 9, 9, 12, 10, 6, 17, 22, 26, 40, 24, 19, 40, 30, 20>
,
<1, 0, 1, 0, 2, 0, 1, 3, 0, 2, 0, 1, 0, 0, 0, 0, 3, 0, 2, 0>
,
<1, 2, 3, 2, 3, 6, 5, 6, 6, 3, 4, 9, 8, 12, 16, 8, 10, 12, 9, 4>
,
<1, 3, 4, 3, 6, 13, 11, 10, 13, 6, 10, 27, 24, 34, 50, 24, 20, 34, 27, 10>
,
<1, 1, 2, 1, 2, 1, 1, 4, 1, 2, 2, 3, 2, 2, 0, 2, 6, 2, 3, 2>
,
<1, 3, 7, 4, 6, 22, 19, 27, 30, 10, 10, 45, 45, 88, 140, 57, 77, 118, 78, 20>
,
<1, 1, 1, 2, 2, 0, 3, 3, 2, 4, 2, 1, 5, 2, 0, 5, 3, 6, 4, 6>
,
<1, 0, 1, 1, 0, 1, 1, 0, 0, 1, 1, 0, 0, 1, 2, 0, 2, 1, 0, 2>
,
<1, 4, 9, 6, 10, 44, 39, 47, 66, 22, 20, 121, 124, 244, 420, 174, 179, 358, 258,
62>
,
<1, 2, 5, 2, 4, 4, 3, 13, 2, 4, 6, 9, 6, 6, 0, 6, 29, 6, 12, 6>
,
<1, 2, 1, 4, 4, 0, 9, 5, 4, 12, 6, 1, 22, 6, 0, 24, 5, 24, 12, 28>
,
<1, 0, 1, 0, 2, 0, 1, 3, 0, 2, 0, 1, 0, 0, 0, 0, 3, 0, 2, 0>
,
<1, 5, 12, 9, 17, 84, 78, 96, 149, 52, 45, 313, 333, 689, 1240, 537, 537, 1177, 
894, 221>
,
<1, 3, 6, 3, 5, 10, 6, 10, 3, 4, 7, 15, 7, 9, 0, 9, 19, 7, 18, 9>
,
<1, 1, 4, 1, 5, 0, 2, 20, 1, 8, 5, 9, 5, 5, 0, 5, 45, 5, 18, 5>
,
<1, 1, 0, 1, 1, 0, 2, 0, 1, 0, 1, 1, 1, 1, 0, 1, 1, 1, 2, 1>
,
<1, 1, 2, 3, 3, 0, 4, 8, 5, 10, 3, 3, 11, 3, 0, 11, 13, 21, 16, 21>
,
<1, 6, 16, 14, 27, 152, 154, 204, 342, 132, 92, 741, 852, 1886, 3600, 1686, 
1695, 3956, 3210, 862>
,
<1, 4, 8, 4, 9, 24, 12, 12, 4, 4, 16, 45, 16, 20, 0, 20, 13, 16, 52, 20>
,
<1, 2, 4, 2, 3, 0, 2, 12, 2, 8, 4, 9, 4, 10, 0, 10, 27, 4, 18, 10>
,
<1, 0, 4, 0, 9, 0, 4, 36, 0, 16, 0, 9, 0, 0, 0, 0, 81, 0, 36, 0>
,
<1, 2, 2, 6, 5, 0, 12, 12, 10, 30, 8, 3, 44, 10, 0, 54, 19, 84, 48, 106>
,
<1, 0, 2, 0, 3, 0, 2, 8, 0, 6, 0, 3, 0, 0, 0, 0, 13, 0, 10, 0>
,
<1, 0, 1, 2, 0, 2, 1, 0, 0, 3, 2, 0, 0, 2, 6, 0, 6, 2, 0, 10>
,
<1, 2, 0, 2, 3, 0, 6, 0, 2, 0, 4, 1, 4, 2, 0, 2, 3, 4, 6, 2>
,
<1, 0, 0, 0, 1, 0, 0, 0, 0, 0, 0, 1, 0, 0, 0, 0, 1, 0, 0, 0>
,
<1, 0, 1, 0, 0, 0, 1, 0, 0, 1, 0, 0, 0, 0, 0, 0, 0, 0, 0, 0>
,
<1, 5, 14, 9, 15, 76, 70, 96, 133, 44, 35, 235, 251, 535, 940, 399, 449, 887, 
642, 155>
,
<1, 1, 2, 5, 3, 0, 6, 8, 9, 16, 3, 3, 19, 3, 0, 19, 13, 39, 26, 39>
,
<1, 2, 2, 3, 3, 4, 4, 3, 4, 5, 5, 4, 5, 4, 7, 6, 5, 5, 6, 8>
,
<1, 3, 4, 3, 5, 14, 10, 8, 11, 6, 7, 23, 15, 25, 30, 17, 11, 15, 18, 9>
,
<1, 4, 8, 5, 9, 36, 30, 29, 42, 13, 15, 84, 79, 132, 213, 82, 67, 135, 98, 24>
,
<1, 1, 2, 1, 3, 0, 2, 8, 1, 4, 3, 3, 3, 3, 0, 3, 13, 3, 6, 3>
,
<1, 6, 18, 14, 23, 140, 140, 186, 302, 110, 68, 571, 656, 1450, 2752, 1262, 
1269, 2880, 2288, 590>
,
<1, 2, 2, 10, 7, 0, 20, 18, 18, 54, 12, 3, 80, 14, 0, 98, 29, 160, 88, 202>
,
<1, 3, 3, 5, 8, 8, 11, 6, 11, 11, 17, 16, 23, 10, 22, 26, 12, 15, 26, 20>
,
<1, 4, 6, 4, 11, 30, 20, 18, 24, 10, 24, 79, 48, 76, 96, 48, 29, 48, 56, 20>
,
<1, 5, 11, 7, 16, 72, 59, 66, 93, 27, 39, 240, 221, 410, 642, 230, 236, 457, 
298, 64>
,
<1, 2, 2, 2, 3, 0, 4, 6, 2, 6, 4, 3, 8, 6, 0, 10, 9, 8, 8, 10>
,
<1, 4, 10, 4, 9, 20, 10, 26, 4, 6, 16, 35, 16, 20, 0, 20, 59, 16, 50, 20>
,
<1, 0, 2, 0, 1, 0, 2, 2, 0, 6, 0, 3, 0, 0, 0, 0, 3, 0, 10, 0>
,
<1, 1, 1, 1, 0, 2, 1, 2, 1, 3, 1, 2, 1, 2, 0, 2, 2, 1, 2, 2>
,
<1, 2, 2, 2, 1, 2, 2, 2, 2, 6, 0, 3, 0, 10, 0, 10, 3, 0, 10, 10>
,
<1, 3, 5, 3, 4, 6, 5, 2, 3, 3, 3, 6, 3, 6, 0, 6, 6, 3, 10, 6>
,
<1, 0, 2, 0, 5, 0, 2, 14, 0, 6, 0, 3, 0, 0, 0, 0, 23, 0, 10, 0>
,
<1, 9, 26, 19, 43, 240, 228, 304, 485, 170, 147, 1099, 1187, 2603, 4768, 2123, 
2205, 4909, 3824, 965>
,
<1, 1, 2, 3, 3, 0, 4, 8, 5, 10, 3, 3, 11, 3, 0, 11, 13, 21, 16, 21>
,
<1, 3, 5, 4, 4, 12, 9, 10, 11, 5, 6, 10, 8, 14, 16, 8, 18, 16, 8, 8>
,
<1, 5, 10, 7, 11, 48, 40, 40, 57, 18, 15, 87, 79, 147, 224, 83, 81, 145, 92, 21>
,
<1, 7, 17, 12, 24, 120, 109, 122, 191, 61, 54, 378, 392, 750, 1320, 536, 490, 
1056, 760, 168>
,
<1, 1, 4, 9, 5, 0, 10, 20, 25, 40, 5, 9, 45, 5, 0, 45, 45, 125, 90, 125>
,
<1, 1, 4, 1, 5, 0, 2, 20, 1, 8, 5, 9, 5, 5, 0, 5, 45, 5, 18, 5>
,
<1, 1, 1, 0, 2, 0, 1, 2, 1, 1, 2, 0, 0, 2, 0, 0, 0, 2, 0, 2>
,
<1, 1, 0, 1, 1, 0, 2, 0, 1, 0, 1, 1, 1, 1, 0, 1, 1, 1, 2, 1>
,
<1, 1, 1, 4, 2, 0, 5, 2, 1, 5, 2, 0, 8, 2, 0, 8, 0, 2, 0, 2>
,
<1, 10, 34, 30, 61, 416, 444, 636, 1122, 446, 264, 2435, 2924, 6898, 13696, 
6734, 6859, 16500, 14000, 3906>
,
<1, 2, 2, 6, 5, 0, 12, 12, 10, 30, 8, 3, 44, 10, 0, 54, 19, 84, 48, 106>
,
<1, 4, 7, 6, 10, 26, 21, 18, 24, 11, 18, 38, 32, 34, 52, 32, 22, 30, 32, 18>
,
<1, 6, 14, 10, 21, 96, 80, 88, 126, 38, 48, 275, 244, 446, 688, 250, 235, 444, 
292, 62>
,
<1, 8, 23, 18, 38, 222, 213, 270, 436, 147, 122, 966, 1040, 2170, 3900, 1632, 
1630, 3558, 2592, 586>
,
<1, 2, 4, 18, 11, 0, 34, 44, 50, 136, 20, 9, 180, 26, 0, 234, 99, 500, 306, 650>
,
<1, 2, 4, 2, 3, 0, 2, 12, 2, 8, 4, 9, 4, 10, 0, 10, 27, 4, 18, 10>
,
<1, 2, 1, 0, 2, 0, 1, 2, 2, 1, 2, 0, 0, 2, 0, 0, 0, 2, 0, 2>
,
<1, 2, 0, 2, 3, 0, 6, 0, 2, 0, 4, 1, 4, 2, 0, 2, 3, 4, 6, 2>
,
<1, 2, 1, 8, 6, 0, 17, 6, 2, 17, 10, 0, 40, 10, 0, 40, 0, 10, 0, 10>
,
<1, 8, 18, 8, 27, 80, 34, 40, 8, 6, 64, 195, 64, 88, 0, 88, 37, 64, 250, 88>
,
<1, 0, 2, 0, 3, 0, 2, 8, 0, 6, 0, 3, 0, 0, 0, 0, 13, 0, 10, 0>
,
<1, 2, 3, 2, 0, 2, 1, 4, 2, 3, 4, 6, 4, 4, 0, 4, 10, 4, 4, 4>
,
<1, 4, 6, 4, 3, 8, 6, 4, 4, 6, 0, 3, 0, 12, 0, 12, 5, 0, 14, 12>
,
<1, 6, 11, 6, 12, 30, 17, 8, 6, 3, 12, 30, 12, 12, 0, 12, 10, 12, 28, 12>
,
<1, 0, 4, 0, 1, 0, 4, 4, 0, 16, 0, 9, 0, 0, 0, 0, 9, 0, 36, 0>
,
<1, 0, 4, 0, 9, 0, 4, 36, 0, 16, 0, 9, 0, 0, 0, 0, 81, 0, 36, 0>
,
<1, 0, 1, 0, 4, 0, 1, 4, 0, 1, 0, 0, 0, 0, 0, 0, 0, 0, 0, 0>
,
<1, 0, 0, 0, 1, 0, 0, 0, 0, 0, 0, 1, 0, 0, 0, 0, 1, 0, 0, 0>
,
<1, 0, 1, 0, 0, 0, 1, 0, 0, 1, 0, 0, 0, 0, 0, 0, 0, 0, 0, 0>
,
<1, 9, 34, 26, 45, 320, 334, 486, 810, 300, 164, 1539, 1836, 4325, 8448, 4023, 
4191, 9680, 7920, 2101>
,
<1, 1, 2, 2, 5, 0, 6, 14, 2, 12, 4, 3, 12, 5, 0, 15, 23, 16, 16, 21>
,
<1, 0, 1, 2, 0, 2, 1, 0, 0, 3, 2, 0, 0, 2, 6, 0, 6, 2, 0, 10>
,
<1, 1, 2, 2, 1, 0, 2, 2, 2, 4, 0, 3, 0, 1, 0, 3, 3, 0, 8, 5>
,
<1, 4, 5, 2, 8, 18, 9, 8, 8, 3, 10, 24, 12, 14, 18, 12, 2, 10, 16, 6>
,
<1, 18, 82, 74, 153, 1280, 1450, 2250, 4194, 1740, 848, 9027, 11376, 28550, 
59136, 30654, 31515, 78320, 69696, 20350>
,
<1, 2, 2, 10, 9, 0, 26, 26, 18, 76, 16, 3, 112, 22, 0, 158, 43, 240, 128, 350>
,
<1, 6, 10, 8, 15, 32, 25, 21, 30, 15, 32, 39, 30, 32, 60, 48, 51, 44, 48, 40>
,
<1, 10, 26, 18, 41, 192, 154, 170, 234, 68, 96, 515, 416, 766, 1088, 390, 379, 
672, 456, 102>
,
<1, 2, 2, 2, 1, 0, 2, 2, 2, 4, 0, 3, 0, 6, 0, 6, 3, 0, 8, 6>
,
<1, 14, 50, 40, 87, 576, 569, 749, 1230, 415, 328, 2751, 2998, 6376, 11484, 
4784, 4843, 10500, 7544, 1664>
,
<1, 2, 2, 4, 3, 0, 5, 5, 6, 7, 4, 3, 10, 4, 0, 8, 7, 12, 8, 8>
,
<1, 4, 5, 4, 6, 6, 8, 3, 8, 4, 8, 4, 8, 4, 7, 8, 8, 4, 11, 8>
,
<1, 6, 10, 6, 13, 32, 22, 14, 22, 8, 16, 27, 16, 10, 32, 26, 7, 16, 24, 10>
,
<1, 2, 2, 6, 5, 0, 10, 10, 10, 20, 8, 3, 32, 6, 0, 26, 15, 48, 28, 34>
,
<1, 2, 2, 8, 7, 0, 17, 17, 14, 43, 12, 3, 66, 12, 0, 72, 27, 120, 68, 132>
,
<1, 0, 1, 2, 0, 2, 1, 0, 0, 3, 2, 0, 0, 2, 6, 0, 6, 2, 0, 10>
,
<1, 8, 17, 10, 24, 90, 65, 56, 72, 19, 34, 144, 112, 130, 198, 80, 22, 66, 80, 
26>
,
<1, 4, 5, 6, 8, 6, 13, 8, 12, 11, 18, 8, 32, 10, 14, 24, 22, 18, 24, 18>
,
<1, 0, 4, 0, 9, 0, 4, 36, 0, 16, 0, 9, 0, 0, 0, 0, 81, 0, 36, 0>
,
<1, 0, 4, 0, 1, 0, 4, 4, 0, 16, 0, 9, 0, 0, 0, 0, 9, 0, 36, 0>
,
<1, 0, 0, 0, 1, 0, 0, 0, 0, 0, 0, 1, 0, 0, 0, 0, 1, 0, 0, 0>
,
<1, 0, 1, 0, 0, 0, 1, 0, 0, 1, 0, 0, 0, 0, 0, 0, 0, 0, 0, 0>
,
<1, 0, 1, 0, 4, 0, 1, 4, 0, 1, 0, 0, 0, 0, 0, 0, 0, 0, 0, 0>
];
