L:=[
<1, 18, 82, 74, 153, 1280, 1450, 2250, 4194, 1740, 848, 9027, 11376, 28550, 
59136, 30654, 31515, 78320, 69696, 20350>
,
<1, 2, 2, 10, 9, 0, 26, 26, 18, 76, 16, 3, 112, 22, 0, 158, 43, 240, 128, 350>
,
<1, 6, 10, 8, 15, 32, 25, 21, 30, 15, 32, 39, 30, 32, 60, 48, 51, 44, 48, 40>
,
<1, 10, 26, 18, 41, 192, 154, 170, 234, 68, 96, 515, 416, 766, 1088, 390, 379, 
672, 456, 102>
,
<1, 2, 2, 2, 1, 0, 2, 2, 2, 4, 0, 3, 0, 6, 0, 6, 3, 0, 8, 6>
,
<1, 14, 50, 40, 87, 576, 569, 749, 1230, 415, 328, 2751, 2998, 6376, 11484, 
4784, 4843, 10500, 7544, 1664>
,
<1, 2, 2, 4, 3, 0, 5, 5, 6, 7, 4, 3, 10, 4, 0, 8, 7, 12, 8, 8>
,
<1, 4, 5, 4, 6, 6, 8, 3, 8, 4, 8, 4, 8, 4, 7, 8, 8, 4, 11, 8>
,
<1, 6, 10, 6, 13, 32, 22, 14, 22, 8, 16, 27, 16, 10, 32, 26, 7, 16, 24, 10>
,
<1, 2, 2, 6, 5, 0, 10, 10, 10, 20, 8, 3, 32, 6, 0, 26, 15, 48, 28, 34>
,
<1, 2, 2, 8, 7, 0, 17, 17, 14, 43, 12, 3, 66, 12, 0, 72, 27, 120, 68, 132>
,
<1, 0, 1, 2, 0, 2, 1, 0, 0, 3, 2, 0, 0, 2, 6, 0, 6, 2, 0, 10>
,
<1, 8, 17, 10, 24, 90, 65, 56, 72, 19, 34, 144, 112, 130, 198, 80, 22, 66, 80, 
26>
,
<1, 4, 5, 6, 8, 6, 13, 8, 12, 11, 18, 8, 32, 10, 14, 24, 22, 18, 24, 18>
,
<1, 0, 4, 0, 9, 0, 4, 36, 0, 16, 0, 9, 0, 0, 0, 0, 81, 0, 36, 0>
,
<1, 0, 4, 0, 1, 0, 4, 4, 0, 16, 0, 9, 0, 0, 0, 0, 9, 0, 36, 0>
,
<1, 0, 0, 0, 1, 0, 0, 0, 0, 0, 0, 1, 0, 0, 0, 0, 1, 0, 0, 0>
,
<1, 0, 1, 0, 0, 0, 1, 0, 0, 1, 0, 0, 0, 0, 0, 0, 0, 0, 0, 0>
,
<1, 0, 1, 0, 4, 0, 1, 4, 0, 1, 0, 0, 0, 0, 0, 0, 0, 0, 0, 0>
];
