L:=[
<1, 10, 34, 30, 61, 416, 444, 636, 1122, 446, 264, 2435, 2924, 6898, 13696, 
6734, 6859, 16500, 14000, 3906>
,
<1, 2, 2, 6, 5, 0, 12, 12, 10, 30, 8, 3, 44, 10, 0, 54, 19, 84, 48, 106>
,
<1, 4, 7, 6, 10, 26, 21, 18, 24, 11, 18, 38, 32, 34, 52, 32, 22, 30, 32, 18>
,
<1, 6, 14, 10, 21, 96, 80, 88, 126, 38, 48, 275, 244, 446, 688, 250, 235, 444, 
292, 62>
,
<1, 8, 23, 18, 38, 222, 213, 270, 436, 147, 122, 966, 1040, 2170, 3900, 1632, 
1630, 3558, 2592, 586>
,
<1, 2, 4, 18, 11, 0, 34, 44, 50, 136, 20, 9, 180, 26, 0, 234, 99, 500, 306, 650>
,
<1, 2, 4, 2, 3, 0, 2, 12, 2, 8, 4, 9, 4, 10, 0, 10, 27, 4, 18, 10>
,
<1, 2, 1, 0, 2, 0, 1, 2, 2, 1, 2, 0, 0, 2, 0, 0, 0, 2, 0, 2>
,
<1, 2, 0, 2, 3, 0, 6, 0, 2, 0, 4, 1, 4, 2, 0, 2, 3, 4, 6, 2>
,
<1, 2, 1, 8, 6, 0, 17, 6, 2, 17, 10, 0, 40, 10, 0, 40, 0, 10, 0, 10>
,
<1, 8, 18, 8, 27, 80, 34, 40, 8, 6, 64, 195, 64, 88, 0, 88, 37, 64, 250, 88>
,
<1, 0, 2, 0, 3, 0, 2, 8, 0, 6, 0, 3, 0, 0, 0, 0, 13, 0, 10, 0>
,
<1, 2, 3, 2, 0, 2, 1, 4, 2, 3, 4, 6, 4, 4, 0, 4, 10, 4, 4, 4>
,
<1, 4, 6, 4, 3, 8, 6, 4, 4, 6, 0, 3, 0, 12, 0, 12, 5, 0, 14, 12>
,
<1, 6, 11, 6, 12, 30, 17, 8, 6, 3, 12, 30, 12, 12, 0, 12, 10, 12, 28, 12>
,
<1, 0, 4, 0, 1, 0, 4, 4, 0, 16, 0, 9, 0, 0, 0, 0, 9, 0, 36, 0>
,
<1, 0, 4, 0, 9, 0, 4, 36, 0, 16, 0, 9, 0, 0, 0, 0, 81, 0, 36, 0>
,
<1, 0, 1, 0, 4, 0, 1, 4, 0, 1, 0, 0, 0, 0, 0, 0, 0, 0, 0, 0>
,
<1, 0, 0, 0, 1, 0, 0, 0, 0, 0, 0, 1, 0, 0, 0, 0, 1, 0, 0, 0>
,
<1, 0, 1, 0, 0, 0, 1, 0, 0, 1, 0, 0, 0, 0, 0, 0, 0, 0, 0, 0>
];
