L:=[
<1, 9, 26, 19, 43, 240, 228, 304, 485, 170, 147, 1099, 1187, 2603, 4768, 2123, 
2205, 4909, 3824, 965>
,
<1, 1, 2, 3, 3, 0, 4, 8, 5, 10, 3, 3, 11, 3, 0, 11, 13, 21, 16, 21>
,
<1, 3, 5, 4, 4, 12, 9, 10, 11, 5, 6, 10, 8, 14, 16, 8, 18, 16, 8, 8>
,
<1, 5, 10, 7, 11, 48, 40, 40, 57, 18, 15, 87, 79, 147, 224, 83, 81, 145, 92, 21>
,
<1, 7, 17, 12, 24, 120, 109, 122, 191, 61, 54, 378, 392, 750, 1320, 536, 490, 
1056, 760, 168>
,
<1, 1, 4, 9, 5, 0, 10, 20, 25, 40, 5, 9, 45, 5, 0, 45, 45, 125, 90, 125>
,
<1, 1, 4, 1, 5, 0, 2, 20, 1, 8, 5, 9, 5, 5, 0, 5, 45, 5, 18, 5>
,
<1, 1, 1, 0, 2, 0, 1, 2, 1, 1, 2, 0, 0, 2, 0, 0, 0, 2, 0, 2>
,
<1, 1, 0, 1, 1, 0, 2, 0, 1, 0, 1, 1, 1, 1, 0, 1, 1, 1, 2, 1>
,
<1, 1, 1, 4, 2, 0, 5, 2, 1, 5, 2, 0, 8, 2, 0, 8, 0, 2, 0, 2>
];
