L:=[
<1, 9, 26, 19, 43, 240, 228, 304, 485, 170, 147, 1099, 1187, 2603, 4768, 2123, 
2205, 4909, 3824, 965>
,
<1, 5, 14, 11, 23, 120, 116, 156, 245, 90, 75, 551, 599, 1303, 2384, 1067, 1109,
2465, 1920, 493>
,
<1, 5, 12, 9, 17, 88, 82, 108, 169, 60, 53, 373, 401, 877, 1600, 713, 747, 1647,
1280, 327>
,
<1, 5, 12, 9, 17, 84, 78, 98, 151, 54, 45, 319, 339, 725, 1304, 575, 595, 1305, 
1006, 257>
,
<1, 5, 12, 9, 17, 84, 78, 96, 149, 52, 45, 313, 333, 689, 1240, 537, 539, 1179, 
896, 223>
,
<1, 3, 8, 7, 13, 60, 60, 82, 125, 50, 39, 277, 305, 653, 1192, 539, 561, 1243, 
968, 257>
,
<1, 3, 7, 6, 10, 44, 43, 58, 87, 35, 28, 188, 206, 440, 800, 362, 380, 834, 648,
174>
,
<1, 3, 7, 6, 10, 42, 41, 53, 78, 32, 24, 161, 175, 364, 652, 293, 304, 663, 511,
139>
,
<1, 3, 7, 6, 10, 42, 41, 52, 77, 31, 24, 158, 172, 346, 620, 274, 276, 600, 456,
122>
,
<1, 3, 6, 5, 7, 28, 26, 34, 49, 20, 17, 99, 107, 227, 408, 185, 199, 425, 328, 
91>
,
<1, 3, 6, 5, 7, 26, 24, 29, 40, 17, 13, 72, 76, 151, 260, 116, 123, 254, 191, 
56>
,
<1, 5, 15, 14, 24, 120, 119, 162, 255, 105, 76, 554, 616, 1304, 2384, 1084, 
1125, 2517, 1957, 545>
,
<1, 3, 9, 8, 14, 60, 61, 88, 129, 57, 40, 280, 312, 654, 1192, 546, 577, 1265, 
987, 279>
,
<1, 3, 7, 6, 10, 44, 43, 58, 89, 37, 28, 188, 208, 440, 800, 364, 381, 845, 655,
185>
,
<1, 3, 7, 6, 10, 42, 41, 54, 79, 33, 24, 162, 176, 364, 652, 294, 309, 669, 517,
145>
,
<1, 3, 7, 6, 10, 42, 41, 52, 77, 31, 24, 158, 172, 346, 620, 274, 277, 601, 457,
123>
,
<1, 2, 6, 5, 9, 30, 32, 51, 66, 33, 22, 143, 160, 329, 596, 277, 303, 639, 502, 
146>
,
<1, 2, 5, 4, 7, 22, 23, 36, 46, 23, 16, 97, 108, 222, 400, 186, 205, 429, 336, 
99>
,
<1, 2, 5, 4, 7, 21, 22, 34, 41, 21, 14, 84, 92, 184, 326, 151, 169, 341, 267, 
79>
,
<1, 2, 5, 4, 7, 21, 22, 33, 40, 20, 14, 82, 90, 175, 310, 141, 153, 307, 237, 
68>
,
<1, 2, 4, 3, 5, 14, 14, 21, 26, 13, 10, 51, 56, 115, 204, 95, 107, 219, 170, 52>
,
<1, 2, 4, 3, 5, 13, 13, 19, 21, 11, 8, 38, 40, 77, 130, 60, 71, 131, 101, 32>
,
<1, 5, 15, 10, 24, 120, 115, 162, 243, 89, 76, 554, 596, 1304, 2384, 1064, 1125,
2457, 1921, 485>
,
<1, 3, 7, 6, 12, 60, 59, 78, 123, 45, 38, 276, 300, 652, 1192, 534, 555, 1233, 
961, 247>
,
<1, 3, 7, 6, 10, 44, 43, 58, 85, 33, 28, 188, 204, 440, 800, 360, 381, 825, 643,
165>
,
<1, 3, 9, 6, 14, 60, 59, 88, 123, 49, 40, 280, 302, 654, 1192, 536, 577, 1235, 
969, 249>
,
<1, 2, 5, 4, 8, 30, 31, 46, 63, 27, 21, 141, 154, 328, 596, 271, 292, 623, 489, 
130>
,
<1, 2, 5, 4, 7, 22, 23, 36, 44, 21, 16, 97, 106, 222, 400, 184, 205, 419, 330, 
89>
,
<1, 3, 8, 5, 11, 44, 42, 64, 85, 34, 29, 191, 203, 441, 800, 359, 396, 826, 649,
166>
,
<1, 3, 8, 5, 11, 42, 40, 59, 76, 31, 25, 164, 172, 365, 652, 290, 320, 655, 512,
131>
,
<1, 3, 8, 5, 11, 42, 40, 58, 75, 30, 25, 161, 169, 347, 620, 271, 292, 592, 457,
114>
,
<1, 2, 4, 3, 5, 14, 14, 22, 25, 12, 10, 52, 55, 115, 204, 94, 111, 214, 169, 47>
];
