L:=[
<1, 9, 34, 26, 45, 320, 334, 486, 810, 300, 164, 1539, 1836, 4325, 8448, 4023, 
4191, 9680, 7920, 2101>
,
<1, 5, 18, 14, 25, 160, 170, 250, 406, 156, 84, 771, 924, 2165, 4224, 2019, 
2107, 4848, 3968, 1061>
,
<1, 3, 12, 10, 15, 108, 112, 162, 270, 102, 56, 513, 612, 1443, 2820, 1341, 
1401, 3228, 2640, 707>
,
<1, 3, 10, 8, 13, 80, 86, 126, 204, 80, 42, 387, 462, 1083, 2112, 1011, 1055, 
2424, 1988, 533>
,
<1, 3, 8, 6, 11, 60, 60, 86, 138, 54, 32, 265, 312, 727, 1416, 677, 705, 1620, 
1328, 359>
,
<1, 3, 10, 8, 15, 80, 88, 132, 204, 84, 44, 387, 468, 1085, 2112, 1017, 1065, 
2432, 1992, 541>
,
<1, 2, 7, 6, 10, 54, 59, 88, 136, 57, 30, 258, 312, 724, 1410, 678, 712, 1622, 
1328, 364>
,
<1, 2, 6, 5, 9, 40, 46, 70, 103, 46, 23, 195, 237, 544, 1056, 513, 539, 1220, 
1002, 277>
,
<1, 2, 5, 4, 8, 30, 33, 50, 70, 33, 18, 134, 162, 366, 708, 346, 364, 818, 672, 
190>
,
<1, 1, 4, 4, 5, 28, 30, 44, 68, 30, 16, 129, 156, 363, 708, 339, 359, 812, 664, 
187>
,
<1, 1, 3, 3, 4, 14, 17, 26, 35, 19, 9, 66, 81, 183, 354, 174, 186, 410, 338, 
100>
];
