L:=[
<1, 5, 14, 9, 15, 76, 70, 96, 133, 44, 35, 235, 251, 535, 940, 399, 449, 887, 
642, 155>
,
<1, 3, 8, 7, 9, 38, 38, 52, 71, 30, 19, 119, 135, 269, 470, 209, 231, 463, 334, 
97>
,
<1, 3, 6, 5, 7, 28, 26, 34, 47, 18, 15, 81, 87, 181, 318, 137, 153, 299, 218, 
57>
,
<1, 3, 6, 5, 7, 26, 24, 30, 41, 18, 13, 71, 75, 147, 250, 113, 121, 239, 176, 
53>
,
<1, 3, 6, 5, 7, 26, 24, 28, 39, 16, 13, 69, 73, 135, 230, 99, 101, 201, 146, 43>
,
<1, 3, 8, 5, 9, 38, 36, 52, 67, 24, 19, 119, 127, 269, 470, 201, 231, 445, 324, 
79>
,
<1, 2, 5, 4, 6, 19, 20, 30, 36, 17, 11, 61, 69, 136, 235, 106, 122, 233, 170, 
50>
,
<1, 2, 4, 3, 5, 14, 14, 21, 24, 11, 9, 42, 45, 92, 159, 70, 83, 151, 112, 30>
,
<1, 2, 4, 3, 5, 13, 13, 19, 21, 11, 8, 37, 39, 75, 125, 58, 67, 121, 91, 28>
,
<1, 2, 4, 3, 5, 13, 13, 18, 20, 10, 8, 36, 38, 69, 115, 51, 57, 102, 76, 23>
];
