L:=[
<1, 6, 18, 14, 23, 140, 140, 186, 302, 110, 68, 571, 656, 1450, 2752, 1262, 
1269, 2880, 2288, 590>
,
<1, 4, 10, 12, 15, 70, 80, 102, 160, 82, 40, 287, 368, 732, 1376, 680, 649, 
1520, 1188, 396>
,
<1, 4, 8, 8, 13, 52, 54, 66, 108, 44, 34, 201, 234, 490, 932, 438, 431, 970, 
780, 210>
,
<1, 4, 8, 8, 13, 50, 50, 60, 92, 46, 32, 183, 208, 404, 736, 364, 339, 784, 622,
208>
,
<1, 4, 8, 8, 13, 50, 50, 58, 88, 40, 32, 181, 204, 384, 680, 312, 299, 664, 504,
160>
,
<1, 4, 10, 8, 13, 70, 72, 96, 152, 58, 36, 287, 332, 728, 1376, 636, 639, 1444, 
1148, 300>
,
<1, 3, 6, 7, 9, 35, 42, 54, 81, 44, 22, 145, 188, 369, 688, 345, 329, 764, 598, 
203>
,
<1, 3, 5, 5, 8, 26, 29, 36, 55, 25, 19, 102, 121, 248, 466, 224, 220, 489, 394, 
110>
,
<1, 3, 5, 5, 8, 25, 27, 33, 47, 26, 18, 93, 108, 205, 368, 187, 174, 396, 315, 
109>
,
<1, 3, 5, 5, 8, 25, 27, 32, 45, 23, 18, 92, 106, 195, 340, 161, 154, 336, 256, 
85>
,
<1, 5, 14, 9, 16, 80, 75, 106, 153, 58, 42, 303, 336, 735, 1376, 641, 664, 1448,
1169, 305>
,
<1, 3, 8, 7, 10, 40, 43, 58, 81, 44, 24, 153, 188, 371, 688, 345, 340, 764, 609,
203>
,
<1, 3, 6, 5, 8, 30, 29, 38, 55, 24, 20, 107, 120, 249, 466, 223, 226, 488, 399, 
109>
,
<1, 3, 6, 5, 8, 28, 27, 34, 47, 26, 18, 97, 106, 207, 368, 187, 178, 394, 321, 
109>
,
<1, 3, 6, 5, 8, 28, 27, 32, 45, 22, 18, 95, 104, 195, 340, 159, 156, 334, 259, 
83>
,
<1, 3, 8, 5, 10, 40, 39, 58, 77, 32, 22, 153, 170, 369, 688, 323, 340, 726, 589,
155>
,
<1, 2, 5, 4, 7, 20, 23, 34, 41, 25, 13, 78, 96, 187, 344, 175, 178, 384, 309, 
104>
,
<1, 2, 4, 3, 6, 15, 16, 24, 28, 15, 11, 55, 62, 126, 233, 114, 121, 246, 204, 
57>
,
<1, 2, 4, 3, 6, 14, 15, 22, 24, 16, 10, 50, 55, 105, 184, 96, 97, 199, 165, 57>
,
<1, 2, 4, 3, 6, 14, 15, 21, 23, 14, 10, 49, 54, 99, 170, 82, 86, 169, 134, 44>
,
<1, 3, 10, 7, 14, 70, 71, 100, 151, 58, 34, 287, 328, 725, 1376, 631, 646, 1440,
1149, 295>
,
<1, 2, 6, 6, 10, 35, 41, 58, 80, 44, 20, 145, 184, 366, 688, 340, 336, 760, 599,
198>
,
<1, 2, 5, 4, 9, 26, 28, 40, 54, 25, 17, 102, 117, 245, 466, 219, 227, 485, 395, 
105>
,
<1, 2, 5, 4, 9, 25, 26, 37, 46, 26, 16, 93, 104, 202, 368, 182, 181, 392, 316, 
104>
,
<1, 2, 5, 4, 9, 25, 26, 36, 44, 23, 16, 92, 102, 192, 340, 156, 161, 332, 257, 
80>
,
<1, 3, 10, 7, 12, 70, 71, 94, 151, 58, 34, 287, 328, 725, 1376, 631, 636, 1440, 
1149, 295>
,
<1, 3, 6, 7, 8, 36, 41, 52, 81, 44, 20, 145, 184, 371, 688, 345, 326, 760, 599, 
203>
,
<1, 3, 6, 5, 8, 28, 29, 34, 55, 24, 18, 103, 118, 247, 466, 221, 218, 486, 395, 
107>
,
<1, 2, 6, 4, 8, 35, 37, 52, 76, 32, 18, 145, 166, 364, 688, 318, 326, 722, 579, 
150>
,
<1, 2, 4, 4, 6, 18, 22, 31, 41, 25, 11, 74, 94, 187, 344, 175, 171, 382, 304, 
104>
,
<1, 2, 4, 3, 6, 14, 16, 22, 28, 15, 10, 53, 61, 125, 233, 113, 117, 245, 202, 
56>
];
