L:=[
<1, 1, 1, 1, 1, 1, 1, 1, 1, 1, 1, 1, 1, 1, 1, 1, 1, 1, 1, 1>
,
<1, 2, 3, 4, 4, 8, 9, 9, 12, 10, 6, 17, 22, 26, 40, 24, 19, 40, 30, 20>
,
<1, 1, 2, 2, 3, 4, 5, 6, 6, 6, 3, 9, 11, 13, 20, 12, 11, 20, 16, 10>
,
<1, 2, 3, 2, 3, 6, 5, 6, 6, 3, 4, 9, 8, 12, 16, 8, 10, 12, 9, 4>
,
<1, 3, 4, 3, 6, 13, 11, 10, 13, 6, 10, 27, 24, 34, 50, 24, 20, 34, 27, 10>
,
<1, 2, 3, 2, 4, 7, 6, 7, 7, 4, 6, 15, 13, 18, 25, 13, 13, 18, 15, 6>
,
<1, 3, 7, 4, 6, 22, 19, 27, 30, 10, 10, 45, 45, 88, 140, 57, 77, 118, 78, 20>
,
<1, 2, 4, 3, 4, 11, 11, 15, 16, 7, 6, 23, 25, 45, 70, 31, 40, 62, 41, 13>
,
<1, 1, 3, 2, 2, 8, 7, 9, 10, 4, 4, 15, 15, 30, 48, 19, 27, 40, 26, 8>
,
<1, 1, 2, 2, 2, 4, 5, 6, 6, 4, 3, 8, 10, 16, 24, 12, 15, 23, 15, 7>
,
<1, 4, 9, 6, 10, 44, 39, 47, 66, 22, 20, 121, 124, 244, 420, 174, 179, 358, 258,
62>
,
<1, 3, 7, 4, 7, 24, 21, 30, 34, 13, 13, 65, 65, 125, 210, 90, 104, 182, 135, 34>
,
<1, 3, 5, 5, 7, 22, 24, 26, 35, 17, 13, 61, 73, 125, 210, 99, 92, 191, 135, 45>
,
<1, 2, 5, 3, 6, 22, 20, 25, 33, 12, 10, 61, 62, 122, 210, 87, 91, 179, 130, 31>
,
<1, 2, 4, 3, 5, 12, 13, 17, 18, 10, 8, 33, 38, 64, 105, 51, 54, 97, 71, 24>
,
<1, 5, 12, 9, 17, 84, 78, 96, 149, 52, 45, 313, 333, 689, 1240, 537, 537, 1177, 
894, 221>
,
<1, 4, 9, 6, 11, 47, 42, 53, 76, 28, 26, 164, 170, 349, 620, 273, 278, 592, 456,
115>
,
<1, 3, 8, 5, 11, 42, 40, 58, 75, 30, 25, 161, 169, 347, 620, 271, 291, 591, 456,
113>
,
<1, 2, 4, 3, 6, 21, 21, 29, 38, 15, 13, 81, 85, 174, 310, 136, 146, 296, 229, 
57>
,
<1, 3, 7, 4, 8, 26, 23, 34, 39, 17, 16, 88, 88, 178, 310, 140, 155, 299, 237, 
61>
,
<1, 3, 7, 6, 10, 42, 41, 52, 77, 31, 24, 158, 172, 346, 620, 274, 275, 599, 455,
121>
,
<1, 2, 5, 4, 7, 21, 22, 33, 40, 20, 14, 82, 90, 175, 310, 141, 152, 306, 236, 
67>
,
<1, 2, 4, 3, 5, 13, 13, 19, 21, 11, 9, 45, 47, 90, 155, 73, 81, 155, 123, 36>
,
<1, 6, 16, 14, 27, 152, 154, 204, 342, 132, 92, 741, 852, 1886, 3600, 1686, 
1695, 3956, 3210, 862>
,
<1, 5, 12, 9, 18, 88, 83, 108, 173, 68, 54, 393, 434, 953, 1800, 853, 854, 1986,
1631, 441>
,
<1, 4, 10, 8, 15, 76, 78, 108, 172, 70, 48, 375, 428, 948, 1800, 848, 861, 1980,
1614, 436>
,
<1, 3, 10, 7, 18, 76, 79, 120, 171, 74, 46, 375, 426, 943, 1800, 843, 888, 1978,
1623, 431>
,
<1, 4, 9, 10, 16, 76, 83, 108, 176, 81, 50, 372, 448, 948, 1800, 870, 857, 2020,
1629, 484>
,
<1, 3, 9, 7, 15, 76, 78, 106, 171, 69, 46, 372, 426, 943, 1800, 843, 854, 1978, 
1610, 431>
,
<1, 2, 6, 6, 9, 52, 52, 68, 114, 46, 32, 247, 284, 630, 1204, 562, 569, 1320, 
1070, 294>
,
<1, 3, 5, 5, 9, 38, 42, 54, 87, 35, 26, 188, 216, 475, 900, 425, 432, 992, 810, 
219>
,
<1, 2, 5, 4, 8, 38, 39, 54, 86, 35, 24, 188, 214, 474, 900, 424, 431, 990, 807, 
218>
,
<1, 4, 9, 6, 12, 50, 45, 60, 88, 37, 32, 210, 222, 484, 900, 434, 437, 998, 833,
228>
,
<1, 3, 8, 5, 12, 44, 43, 66, 87, 40, 28, 201, 218, 479, 900, 429, 454, 994, 829,
223>
,
<1, 3, 7, 5, 9, 38, 40, 60, 87, 39, 26, 192, 216, 479, 900, 429, 444, 992, 816, 
223>
,
<1, 3, 7, 6, 11, 44, 45, 59, 89, 43, 29, 198, 228, 479, 900, 440, 435, 1014, 
830, 247>
,
<1, 3, 6, 7, 10, 38, 45, 60, 91, 50, 28, 189, 236, 479, 900, 451, 440, 1032, 
831, 271>
,
<1, 2, 6, 4, 9, 38, 40, 58, 86, 38, 24, 189, 214, 474, 900, 424, 437, 990, 812, 
218>
,
<1, 2, 6, 5, 11, 38, 43, 65, 88, 46, 25, 189, 224, 474, 900, 435, 452, 1010, 
826, 242>
,
<1, 1, 4, 3, 6, 26, 27, 40, 57, 26, 16, 125, 142, 315, 602, 281, 298, 660, 541, 
147>
,
<1, 2, 4, 6, 7, 26, 32, 40, 62, 38, 20, 125, 164, 320, 602, 308, 294, 702, 559, 
200>
,
<1, 1, 4, 3, 6, 26, 27, 38, 57, 26, 16, 125, 142, 315, 602, 281, 291, 660, 540, 
147>
,
<1, 2, 4, 3, 7, 22, 23, 33, 44, 20, 15, 101, 110, 240, 450, 215, 228, 498, 416, 
112>
,
<1, 3, 7, 4, 9, 28, 25, 39, 45, 23, 19, 114, 114, 247, 450, 222, 237, 502, 432, 
119>
,
<1, 2, 5, 4, 8, 22, 25, 38, 46, 29, 16, 102, 120, 242, 450, 228, 235, 518, 429, 
138>
,
<1, 3, 5, 5, 8, 25, 27, 33, 47, 26, 19, 106, 123, 245, 450, 231, 224, 521, 430, 
141>
,
<1, 2, 4, 4, 6, 19, 23, 33, 46, 27, 15, 97, 119, 242, 450, 228, 227, 517, 420, 
138>
,
<1, 2, 5, 3, 7, 25, 23, 32, 44, 20, 16, 106, 111, 242, 450, 217, 222, 499, 419, 
114>
,
<1, 2, 4, 3, 6, 19, 22, 32, 44, 21, 14, 97, 109, 240, 450, 215, 226, 497, 412, 
112>
,
<1, 1, 3, 3, 5, 13, 17, 25, 31, 22, 10, 64, 82, 160, 301, 154, 157, 351, 285, 
100>
,
<1, 1, 3, 3, 3, 14, 14, 20, 29, 15, 10, 64, 72, 161, 304, 143, 152, 332, 272, 
81>
,
<1, 2, 4, 3, 6, 14, 15, 22, 24, 16, 11, 58, 63, 125, 225, 118, 123, 262, 224, 
73>
,
<1, 1, 3, 2, 3, 10, 9, 13, 15, 9, 7, 38, 38, 83, 152, 74, 81, 168, 144, 43>
,
<1, 1, 2, 3, 3, 7, 10, 13, 17, 15, 7, 33, 47, 83, 152, 85, 81, 187, 148, 67>
,
<1, 1, 2, 2, 3, 7, 9, 12, 15, 9, 6, 33, 37, 81, 152, 72, 80, 167, 140, 41>
,
<1, 1, 2, 2, 3, 5, 7, 9, 9, 9, 5, 20, 25, 43, 76, 44, 45, 95, 80, 35>
,
<1, 5, 14, 9, 15, 76, 70, 96, 133, 44, 35, 235, 251, 535, 940, 399, 449, 887, 
642, 155>
,
<1, 3, 8, 7, 9, 38, 38, 52, 71, 30, 19, 119, 135, 269, 470, 209, 231, 463, 334, 
97>
,
<1, 3, 6, 5, 7, 28, 26, 34, 47, 18, 15, 81, 87, 181, 318, 137, 153, 299, 218, 
57>
,
<1, 3, 6, 5, 7, 26, 24, 30, 41, 18, 13, 71, 75, 147, 250, 113, 121, 239, 176, 
53>
,
<1, 3, 6, 5, 7, 26, 24, 28, 39, 16, 13, 69, 73, 135, 230, 99, 101, 201, 146, 43>
,
<1, 3, 8, 5, 9, 38, 36, 52, 67, 24, 19, 119, 127, 269, 470, 201, 231, 445, 324, 
79>
,
<1, 2, 5, 4, 6, 19, 20, 30, 36, 17, 11, 61, 69, 136, 235, 106, 122, 233, 170, 
50>
,
<1, 2, 4, 3, 5, 14, 14, 21, 24, 11, 9, 42, 45, 92, 159, 70, 83, 151, 112, 30>
,
<1, 2, 4, 3, 5, 13, 13, 19, 21, 11, 8, 37, 39, 75, 125, 58, 67, 121, 91, 28>
,
<1, 2, 4, 3, 5, 13, 13, 18, 20, 10, 8, 36, 38, 69, 115, 51, 57, 102, 76, 23>
,
<1, 6, 18, 14, 23, 140, 140, 186, 302, 110, 68, 571, 656, 1450, 2752, 1262, 
1269, 2880, 2288, 590>
,
<1, 4, 10, 12, 15, 70, 80, 102, 160, 82, 40, 287, 368, 732, 1376, 680, 649, 
1520, 1188, 396>
,
<1, 4, 8, 8, 13, 52, 54, 66, 108, 44, 34, 201, 234, 490, 932, 438, 431, 970, 
780, 210>
,
<1, 4, 8, 8, 13, 50, 50, 60, 92, 46, 32, 183, 208, 404, 736, 364, 339, 784, 622,
208>
,
<1, 4, 8, 8, 13, 50, 50, 58, 88, 40, 32, 181, 204, 384, 680, 312, 299, 664, 504,
160>
,
<1, 4, 10, 8, 13, 70, 72, 96, 152, 58, 36, 287, 332, 728, 1376, 636, 639, 1444, 
1148, 300>
,
<1, 3, 6, 7, 9, 35, 42, 54, 81, 44, 22, 145, 188, 369, 688, 345, 329, 764, 598, 
203>
,
<1, 3, 5, 5, 8, 26, 29, 36, 55, 25, 19, 102, 121, 248, 466, 224, 220, 489, 394, 
110>
,
<1, 3, 5, 5, 8, 25, 27, 33, 47, 26, 18, 93, 108, 205, 368, 187, 174, 396, 315, 
109>
,
<1, 3, 5, 5, 8, 25, 27, 32, 45, 23, 18, 92, 106, 195, 340, 161, 154, 336, 256, 
85>
,
<1, 5, 14, 9, 16, 80, 75, 106, 153, 58, 42, 303, 336, 735, 1376, 641, 664, 1448,
1169, 305>
,
<1, 3, 8, 7, 10, 40, 43, 58, 81, 44, 24, 153, 188, 371, 688, 345, 340, 764, 609,
203>
,
<1, 3, 6, 5, 8, 30, 29, 38, 55, 24, 20, 107, 120, 249, 466, 223, 226, 488, 399, 
109>
,
<1, 3, 6, 5, 8, 28, 27, 34, 47, 26, 18, 97, 106, 207, 368, 187, 178, 394, 321, 
109>
,
<1, 3, 6, 5, 8, 28, 27, 32, 45, 22, 18, 95, 104, 195, 340, 159, 156, 334, 259, 
83>
,
<1, 3, 8, 5, 10, 40, 39, 58, 77, 32, 22, 153, 170, 369, 688, 323, 340, 726, 589,
155>
,
<1, 2, 5, 4, 7, 20, 23, 34, 41, 25, 13, 78, 96, 187, 344, 175, 178, 384, 309, 
104>
,
<1, 2, 4, 3, 6, 15, 16, 24, 28, 15, 11, 55, 62, 126, 233, 114, 121, 246, 204, 
57>
,
<1, 2, 4, 3, 6, 14, 15, 22, 24, 16, 10, 50, 55, 105, 184, 96, 97, 199, 165, 57>
,
<1, 2, 4, 3, 6, 14, 15, 21, 23, 14, 10, 49, 54, 99, 170, 82, 86, 169, 134, 44>
,
<1, 3, 10, 7, 14, 70, 71, 100, 151, 58, 34, 287, 328, 725, 1376, 631, 646, 1440,
1149, 295>
,
<1, 2, 6, 6, 10, 35, 41, 58, 80, 44, 20, 145, 184, 366, 688, 340, 336, 760, 599,
198>
,
<1, 2, 5, 4, 9, 26, 28, 40, 54, 25, 17, 102, 117, 245, 466, 219, 227, 485, 395, 
105>
,
<1, 2, 5, 4, 9, 25, 26, 37, 46, 26, 16, 93, 104, 202, 368, 182, 181, 392, 316, 
104>
,
<1, 2, 5, 4, 9, 25, 26, 36, 44, 23, 16, 92, 102, 192, 340, 156, 161, 332, 257, 
80>
,
<1, 3, 10, 7, 12, 70, 71, 94, 151, 58, 34, 287, 328, 725, 1376, 631, 636, 1440, 
1149, 295>
,
<1, 3, 6, 7, 8, 36, 41, 52, 81, 44, 20, 145, 184, 371, 688, 345, 326, 760, 599, 
203>
,
<1, 3, 6, 5, 8, 28, 29, 34, 55, 24, 18, 103, 118, 247, 466, 221, 218, 486, 395, 
107>
,
<1, 2, 6, 4, 8, 35, 37, 52, 76, 32, 18, 145, 166, 364, 688, 318, 326, 722, 579, 
150>
,
<1, 2, 4, 4, 6, 18, 22, 31, 41, 25, 11, 74, 94, 187, 344, 175, 171, 382, 304, 
104>
,
<1, 2, 4, 3, 6, 14, 16, 22, 28, 15, 10, 53, 61, 125, 233, 113, 117, 245, 202, 
56>
,
<1, 9, 26, 19, 43, 240, 228, 304, 485, 170, 147, 1099, 1187, 2603, 4768, 2123, 
2205, 4909, 3824, 965>
,
<1, 5, 14, 11, 23, 120, 116, 156, 245, 90, 75, 551, 599, 1303, 2384, 1067, 1109,
2465, 1920, 493>
,
<1, 5, 12, 9, 17, 88, 82, 108, 169, 60, 53, 373, 401, 877, 1600, 713, 747, 1647,
1280, 327>
,
<1, 5, 12, 9, 17, 84, 78, 98, 151, 54, 45, 319, 339, 725, 1304, 575, 595, 1305, 
1006, 257>
,
<1, 5, 12, 9, 17, 84, 78, 96, 149, 52, 45, 313, 333, 689, 1240, 537, 539, 1179, 
896, 223>
,
<1, 3, 8, 7, 13, 60, 60, 82, 125, 50, 39, 277, 305, 653, 1192, 539, 561, 1243, 
968, 257>
,
<1, 3, 7, 6, 10, 44, 43, 58, 87, 35, 28, 188, 206, 440, 800, 362, 380, 834, 648,
174>
,
<1, 3, 7, 6, 10, 42, 41, 53, 78, 32, 24, 161, 175, 364, 652, 293, 304, 663, 511,
139>
,
<1, 3, 7, 6, 10, 42, 41, 52, 77, 31, 24, 158, 172, 346, 620, 274, 276, 600, 456,
122>
,
<1, 3, 6, 5, 7, 28, 26, 34, 49, 20, 17, 99, 107, 227, 408, 185, 199, 425, 328, 
91>
,
<1, 3, 6, 5, 7, 26, 24, 29, 40, 17, 13, 72, 76, 151, 260, 116, 123, 254, 191, 
56>
,
<1, 5, 15, 14, 24, 120, 119, 162, 255, 105, 76, 554, 616, 1304, 2384, 1084, 
1125, 2517, 1957, 545>
,
<1, 3, 9, 8, 14, 60, 61, 88, 129, 57, 40, 280, 312, 654, 1192, 546, 577, 1265, 
987, 279>
,
<1, 3, 7, 6, 10, 44, 43, 58, 89, 37, 28, 188, 208, 440, 800, 364, 381, 845, 655,
185>
,
<1, 3, 7, 6, 10, 42, 41, 54, 79, 33, 24, 162, 176, 364, 652, 294, 309, 669, 517,
145>
,
<1, 3, 7, 6, 10, 42, 41, 52, 77, 31, 24, 158, 172, 346, 620, 274, 277, 601, 457,
123>
,
<1, 2, 6, 5, 9, 30, 32, 51, 66, 33, 22, 143, 160, 329, 596, 277, 303, 639, 502, 
146>
,
<1, 2, 5, 4, 7, 22, 23, 36, 46, 23, 16, 97, 108, 222, 400, 186, 205, 429, 336, 
99>
,
<1, 2, 5, 4, 7, 21, 22, 34, 41, 21, 14, 84, 92, 184, 326, 151, 169, 341, 267, 
79>
,
<1, 2, 5, 4, 7, 21, 22, 33, 40, 20, 14, 82, 90, 175, 310, 141, 153, 307, 237, 
68>
,
<1, 2, 4, 3, 5, 14, 14, 21, 26, 13, 10, 51, 56, 115, 204, 95, 107, 219, 170, 52>
,
<1, 2, 4, 3, 5, 13, 13, 19, 21, 11, 8, 38, 40, 77, 130, 60, 71, 131, 101, 32>
,
<1, 5, 15, 10, 24, 120, 115, 162, 243, 89, 76, 554, 596, 1304, 2384, 1064, 1125,
2457, 1921, 485>
,
<1, 3, 7, 6, 12, 60, 59, 78, 123, 45, 38, 276, 300, 652, 1192, 534, 555, 1233, 
961, 247>
,
<1, 3, 7, 6, 10, 44, 43, 58, 85, 33, 28, 188, 204, 440, 800, 360, 381, 825, 643,
165>
,
<1, 3, 9, 6, 14, 60, 59, 88, 123, 49, 40, 280, 302, 654, 1192, 536, 577, 1235, 
969, 249>
,
<1, 2, 5, 4, 8, 30, 31, 46, 63, 27, 21, 141, 154, 328, 596, 271, 292, 623, 489, 
130>
,
<1, 2, 5, 4, 7, 22, 23, 36, 44, 21, 16, 97, 106, 222, 400, 184, 205, 419, 330, 
89>
,
<1, 3, 8, 5, 11, 44, 42, 64, 85, 34, 29, 191, 203, 441, 800, 359, 396, 826, 649,
166>
,
<1, 3, 8, 5, 11, 42, 40, 59, 76, 31, 25, 164, 172, 365, 652, 290, 320, 655, 512,
131>
,
<1, 3, 8, 5, 11, 42, 40, 58, 75, 30, 25, 161, 169, 347, 620, 271, 292, 592, 457,
114>
,
<1, 2, 4, 3, 5, 14, 14, 22, 25, 12, 10, 52, 55, 115, 204, 94, 111, 214, 169, 47>
,
<1, 10, 34, 30, 61, 416, 444, 636, 1122, 446, 264, 2435, 2924, 6898, 13696, 
6734, 6859, 16500, 14000, 3906>
,
<1, 6, 18, 18, 33, 208, 228, 324, 566, 238, 136, 1219, 1484, 3454, 6848, 3394, 
3439, 8292, 7024, 2006>
,
<1, 6, 16, 14, 27, 156, 162, 224, 390, 156, 100, 837, 996, 2322, 4600, 2266, 
2301, 5520, 4688, 1314>
,
<1, 6, 16, 14, 27, 152, 154, 206, 346, 138, 92, 747, 864, 1950, 3768, 1822, 
1837, 4368, 3658, 1034>
,
<1, 6, 16, 14, 27, 152, 154, 204, 342, 132, 92, 741, 852, 1886, 3600, 1686, 
1697, 3960, 3216, 870>
,
<1, 4, 10, 12, 19, 104, 120, 168, 288, 134, 72, 611, 764, 1732, 3424, 1724, 
1729, 4188, 3536, 1056>
,
<1, 4, 9, 10, 16, 78, 87, 118, 200, 93, 54, 420, 520, 1166, 2300, 1160, 1160, 
2802, 2368, 710>
,
<1, 4, 9, 10, 16, 76, 83, 109, 178, 84, 50, 375, 454, 980, 1884, 938, 928, 2226,
1853, 570>
,
<1, 4, 9, 10, 16, 76, 83, 108, 176, 81, 50, 372, 448, 948, 1800, 870, 858, 2022,
1632, 488>
,
<1, 4, 8, 8, 13, 52, 54, 68, 112, 52, 36, 229, 276, 600, 1176, 596, 591, 1416, 
1200, 364>
,
<1, 4, 8, 8, 13, 50, 50, 59, 90, 43, 32, 184, 210, 414, 760, 374, 359, 840, 685,
224>
,
<1, 6, 19, 24, 36, 208, 239, 340, 586, 291, 142, 1222, 1552, 3462, 6848, 3484, 
3479, 8500, 7153, 2278>
,
<1, 4, 11, 14, 20, 104, 123, 176, 296, 155, 74, 614, 788, 1736, 3424, 1758, 
1751, 4272, 3593, 1168>
,
<1, 4, 9, 10, 16, 78, 87, 120, 204, 101, 54, 420, 528, 1166, 2300, 1172, 1167, 
2844, 2395, 766>
,
<1, 4, 9, 10, 16, 76, 83, 110, 180, 87, 50, 376, 456, 980, 1884, 942, 935, 2248,
1871, 600>
,
<1, 4, 9, 10, 16, 76, 83, 108, 176, 81, 50, 372, 448, 948, 1800, 870, 859, 2024,
1635, 492>
,
<1, 3, 7, 9, 12, 52, 65, 94, 151, 87, 40, 310, 406, 873, 1712, 895, 887, 2158, 
1813, 613>
,
<1, 3, 6, 7, 10, 39, 47, 66, 105, 60, 30, 213, 276, 588, 1150, 602, 595, 1444, 
1214, 412>
,
<1, 3, 6, 7, 10, 38, 45, 61, 93, 53, 28, 191, 240, 495, 942, 487, 479, 1146, 
952, 329>
,
<1, 3, 6, 7, 10, 38, 45, 60, 91, 50, 28, 189, 236, 479, 900, 451, 441, 1034, 
834, 275>
,
<1, 3, 5, 5, 8, 26, 29, 38, 59, 33, 20, 116, 146, 303, 588, 309, 303, 730, 615, 
211>
,
<1, 3, 5, 5, 8, 25, 27, 33, 47, 26, 18, 94, 110, 210, 380, 194, 187, 432, 353, 
128>
,
<1, 6, 19, 16, 32, 208, 223, 324, 562, 227, 134, 1222, 1464, 3454, 6848, 3372, 
3443, 8252, 7009, 1958>
,
<1, 4, 9, 10, 18, 104, 117, 162, 284, 119, 70, 610, 744, 1728, 3424, 1698, 1721,
4148, 3515, 1004>
,
<1, 4, 9, 10, 16, 78, 87, 116, 196, 85, 54, 420, 512, 1166, 2300, 1148, 1155, 
2764, 2347, 662>
,
<1, 4, 11, 10, 18, 104, 115, 168, 284, 123, 70, 614, 744, 1732, 3424, 1702, 
1733, 4148, 3521, 1008>
,
<1, 3, 6, 7, 11, 52, 62, 87, 145, 69, 38, 308, 384, 869, 1712, 865, 872, 2096, 
1774, 531>
,
<1, 3, 6, 7, 10, 39, 47, 64, 101, 52, 30, 213, 268, 588, 1150, 590, 589, 1404, 
1190, 360>
,
<1, 4, 10, 8, 15, 78, 82, 118, 196, 82, 52, 423, 500, 1166, 2300, 1138, 1164, 
2762, 2353, 662>
,
<1, 4, 10, 8, 15, 76, 78, 109, 174, 73, 48, 378, 434, 980, 1884, 916, 932, 2186,
1838, 522>
,
<1, 4, 10, 8, 15, 76, 78, 108, 172, 70, 48, 375, 428, 948, 1800, 848, 862, 1982,
1617, 440>
,
<1, 3, 5, 5, 8, 26, 29, 37, 57, 28, 20, 117, 140, 303, 588, 301, 303, 710, 606, 
185>
,
<1, 9, 26, 19, 44, 248, 239, 338, 565, 226, 164, 1315, 1494, 3493, 6848, 3411, 
3448, 8282, 7125, 1997>
,
<1, 5, 14, 11, 24, 124, 123, 174, 285, 122, 84, 659, 758, 1749, 3424, 1719, 
1732, 4162, 3577, 1025>
,
<1, 5, 12, 9, 18, 92, 87, 120, 197, 80, 62, 453, 510, 1177, 2300, 1149, 1160, 
2772, 2387, 673>
,
<1, 5, 12, 9, 18, 88, 83, 110, 175, 72, 54, 399, 440, 989, 1884, 925, 926, 2192,
1865, 531>
,
<1, 5, 12, 9, 18, 88, 83, 108, 173, 68, 54, 393, 434, 953, 1800, 853, 856, 1988,
1635, 445>
,
<1, 3, 8, 7, 14, 62, 65, 92, 145, 70, 44, 331, 390, 877, 1712, 873, 874, 2102, 
1803, 539>
,
<1, 3, 7, 6, 11, 46, 47, 65, 101, 49, 33, 228, 266, 591, 1150, 588, 588, 1407, 
1208, 363>
,
<1, 3, 7, 6, 11, 44, 45, 60, 90, 45, 29, 201, 231, 497, 942, 476, 471, 1117, 
947, 292>
,
<1, 3, 7, 6, 11, 44, 45, 59, 89, 43, 29, 198, 228, 479, 900, 440, 436, 1015, 
832, 249>
,
<1, 3, 6, 5, 8, 30, 29, 38, 57, 28, 22, 125, 142, 305, 588, 303, 302, 712, 613, 
187>
,
<1, 3, 6, 5, 8, 28, 27, 33, 46, 24, 18, 98, 107, 211, 380, 191, 185, 422, 352, 
116>
,
<1, 5, 15, 14, 25, 124, 129, 181, 295, 151, 87, 662, 792, 1753, 3424, 1764, 
1751, 4266, 3648, 1161>
,
<1, 3, 9, 8, 15, 62, 67, 99, 149, 83, 45, 334, 402, 879, 1712, 890, 893, 2144, 
1838, 595>
,
<1, 3, 7, 6, 11, 46, 47, 65, 103, 53, 33, 228, 270, 591, 1150, 594, 589, 1428, 
1222, 391>
,
<1, 3, 7, 6, 11, 44, 45, 61, 91, 47, 29, 202, 232, 497, 942, 478, 477, 1128, 
958, 307>
,
<1, 3, 7, 6, 11, 44, 45, 59, 89, 43, 29, 198, 228, 479, 900, 440, 437, 1016, 
834, 251>
,
<1, 2, 6, 5, 10, 31, 36, 58, 76, 49, 24, 170, 207, 442, 856, 453, 464, 1083, 
933, 312>
,
<1, 2, 5, 4, 8, 23, 26, 41, 53, 34, 18, 117, 141, 298, 575, 305, 312, 725, 625, 
210>
,
<1, 2, 5, 4, 8, 22, 25, 39, 47, 31, 16, 104, 122, 251, 471, 247, 256, 575, 493, 
168>
,
<1, 2, 5, 4, 8, 22, 25, 38, 46, 29, 16, 102, 120, 242, 450, 228, 236, 519, 431, 
140>
,
<1, 2, 4, 3, 6, 15, 16, 24, 30, 19, 12, 64, 75, 154, 294, 157, 160, 367, 317, 
108>
,
<1, 2, 4, 3, 6, 14, 15, 22, 24, 16, 10, 51, 56, 107, 190, 99, 104, 217, 185, 66>
,
<1, 5, 15, 10, 25, 124, 121, 181, 283, 119, 83, 662, 748, 1749, 3424, 1708, 
1751, 4142, 3576, 1001>
,
<1, 3, 7, 6, 13, 62, 63, 87, 143, 61, 43, 330, 380, 875, 1712, 860, 867, 2082, 
1790, 513>
,
<1, 3, 7, 6, 11, 46, 47, 65, 99, 45, 33, 228, 262, 591, 1150, 582, 589, 1388, 
1198, 339>
,
<1, 3, 9, 6, 15, 62, 63, 99, 143, 67, 43, 334, 380, 877, 1712, 862, 893, 2082, 
1802, 515>
,
<1, 2, 5, 4, 9, 31, 34, 52, 73, 38, 23, 168, 196, 440, 856, 438, 451, 1052, 909,
271>
,
<1, 2, 5, 4, 8, 23, 26, 41, 51, 30, 18, 117, 137, 298, 575, 299, 312, 705, 613, 
184>
,
<1, 3, 8, 5, 12, 46, 45, 72, 99, 46, 32, 231, 256, 591, 1150, 577, 607, 1387, 
1207, 339>
,
<1, 3, 8, 5, 12, 44, 43, 67, 88, 42, 28, 204, 221, 497, 942, 465, 490, 1097, 
946, 268>
,
<1, 3, 8, 5, 12, 44, 43, 66, 87, 40, 28, 201, 218, 479, 900, 429, 455, 995, 831,
225>
,
<1, 2, 4, 3, 6, 15, 16, 25, 29, 17, 12, 65, 72, 154, 294, 153, 165, 357, 314, 
95>
,
<1, 5, 18, 15, 32, 208, 223, 322, 561, 226, 132, 1219, 1462, 3449, 6848, 3367, 
3436, 8250, 7005, 1953>
,
<1, 5, 12, 11, 18, 108, 117, 164, 285, 122, 68, 611, 742, 1733, 3424, 1703, 
1722, 4146, 3519, 1009>
,
<1, 5, 12, 9, 18, 88, 87, 116, 197, 80, 54, 429, 502, 1165, 2300, 1137, 1156, 
2764, 2355, 661>
,
<1, 3, 10, 9, 18, 104, 115, 166, 283, 122, 68, 611, 742, 1727, 3424, 1697, 1726,
4146, 3517, 1003>
,
<1, 3, 9, 7, 15, 78, 82, 116, 195, 81, 50, 420, 498, 1161, 2300, 1133, 1157, 
2760, 2349, 657>
,
<1, 3, 9, 7, 15, 76, 78, 107, 173, 72, 46, 375, 432, 975, 1884, 911, 925, 2184, 
1834, 517>
,
<1, 3, 7, 7, 11, 54, 62, 87, 145, 70, 36, 307, 382, 869, 1712, 865, 869, 2094, 
1774, 531>
,
<1, 3, 7, 6, 11, 44, 47, 63, 101, 49, 29, 216, 262, 585, 1150, 582, 586, 1403, 
1192, 357>
,
<1, 3, 9, 7, 15, 76, 78, 106, 171, 69, 46, 372, 426, 943, 1800, 843, 855, 1980, 
1613, 435>
,
<1, 3, 6, 5, 8, 28, 29, 37, 57, 29, 18, 116, 138, 303, 588, 301, 300, 708, 606, 
185>
,
<1, 5, 19, 15, 31, 208, 224, 320, 561, 231, 132, 1222, 1462, 3449, 6848, 3367, 
3434, 8250, 7018, 1953>
,
<1, 3, 11, 9, 19, 104, 116, 172, 283, 127, 68, 614, 742, 1727, 3424, 1697, 1742,
4146, 3530, 1003>
,
<1, 3, 11, 8, 17, 104, 113, 165, 281, 119, 67, 614, 732, 1727, 3424, 1686, 1727,
4126, 3516, 979>
,
<1, 3, 11, 12, 21, 104, 121, 181, 293, 151, 71, 614, 776, 1731, 3424, 1742, 
1763, 4250, 3588, 1139>
,
<1, 3, 9, 7, 15, 78, 82, 114, 195, 81, 50, 420, 498, 1161, 2300, 1133, 1152, 
2760, 2350, 657>
,
<1, 3, 9, 7, 15, 76, 78, 108, 173, 73, 46, 376, 432, 975, 1884, 911, 930, 2184, 
1838, 517>
,
<1, 3, 7, 6, 11, 54, 61, 87, 143, 65, 35, 308, 372, 867, 1712, 852, 873, 2074, 
1770, 505>
,
<1, 3, 7, 8, 11, 54, 63, 89, 149, 79, 37, 308, 394, 871, 1712, 882, 877, 2136, 
1800, 587>
,
<1, 3, 7, 6, 11, 44, 47, 61, 99, 45, 29, 216, 258, 585, 1150, 576, 581, 1384, 
1182, 333>
,
<1, 3, 7, 6, 11, 44, 47, 65, 103, 53, 29, 216, 266, 585, 1150, 588, 593, 1424, 
1206, 385>
,
<1, 3, 9, 7, 15, 76, 78, 106, 171, 69, 46, 372, 426, 943, 1800, 843, 856, 1980, 
1614, 435>
,
<1, 2, 7, 6, 13, 52, 62, 98, 144, 75, 36, 310, 382, 866, 1712, 862, 896, 2094, 
1786, 528>
,
<1, 2, 7, 5, 11, 52, 59, 91, 142, 67, 35, 310, 372, 866, 1712, 851, 881, 2074, 
1772, 504>
,
<1, 2, 7, 7, 13, 52, 63, 99, 148, 83, 37, 310, 394, 868, 1712, 879, 899, 2136, 
1808, 584>
,
<1, 2, 6, 4, 9, 39, 42, 62, 98, 44, 26, 213, 250, 583, 1150, 569, 586, 1381, 
1182, 331>
,
<1, 2, 6, 5, 11, 39, 45, 71, 102, 56, 27, 213, 264, 583, 1150, 586, 607, 1422, 
1209, 383>
,
<1, 2, 6, 5, 11, 39, 45, 69, 100, 52, 27, 213, 260, 583, 1150, 580, 601, 1401, 
1196, 355>
,
<1, 2, 6, 5, 11, 38, 43, 66, 89, 48, 25, 191, 227, 490, 942, 469, 490, 1113, 
940, 285>
,
<1, 2, 5, 4, 8, 27, 33, 52, 73, 40, 19, 157, 192, 436, 856, 434, 454, 1048, 899,
267>
,
<1, 2, 6, 4, 9, 38, 40, 59, 87, 40, 24, 191, 217, 490, 942, 458, 475, 1093, 926,
261>
,
<1, 2, 6, 5, 11, 38, 43, 66, 90, 49, 25, 191, 228, 490, 942, 471, 491, 1124, 
947, 300>
,
<1, 2, 5, 5, 8, 27, 34, 53, 76, 47, 20, 157, 203, 438, 856, 449, 456, 1079, 914,
308>
,
<1, 2, 6, 5, 11, 38, 43, 65, 88, 46, 25, 189, 224, 474, 900, 435, 453, 1012, 
829, 246>
,
<1, 2, 6, 4, 9, 38, 40, 58, 86, 38, 24, 189, 214, 474, 900, 424, 438, 991, 814, 
220>
,
<1, 2, 5, 4, 8, 22, 26, 39, 51, 30, 16, 111, 135, 295, 575, 296, 308, 703, 605, 
181>
,
<1, 2, 6, 5, 11, 38, 43, 65, 88, 46, 25, 189, 224, 474, 900, 435, 453, 1011, 
828, 244>
,
<1, 2, 5, 4, 8, 22, 26, 41, 53, 34, 16, 111, 139, 295, 575, 302, 314, 723, 617, 
207>
,
<1, 2, 5, 4, 9, 26, 28, 40, 56, 29, 18, 116, 138, 300, 588, 298, 306, 708, 606, 
182>
,
<1, 2, 4, 3, 6, 14, 16, 25, 30, 20, 10, 60, 73, 153, 294, 156, 164, 365, 315, 
107>
,
<1, 2, 5, 4, 9, 25, 26, 37, 45, 25, 16, 94, 105, 207, 380, 187, 195, 420, 350, 
112>
,
<1, 2, 4, 3, 6, 14, 16, 23, 29, 17, 10, 60, 70, 153, 294, 152, 159, 355, 309, 
94>
,
<1, 5, 19, 15, 35, 208, 224, 336, 561, 231, 132, 1222, 1462, 3449, 6848, 3367, 
3470, 8250, 7018, 1953>
,
<1, 3, 9, 9, 17, 104, 114, 162, 283, 119, 68, 610, 742, 1727, 3424, 1697, 1720, 
4146, 3512, 1003>
,
<1, 3, 9, 7, 15, 78, 82, 118, 195, 81, 50, 420, 498, 1161, 2300, 1133, 1164, 
2760, 2350, 657>
,
<1, 3, 11, 8, 19, 104, 113, 173, 281, 119, 67, 614, 732, 1727, 3424, 1686, 1745,
4126, 3516, 979>
,
<1, 3, 11, 9, 21, 104, 116, 180, 283, 127, 68, 614, 742, 1727, 3424, 1697, 1760,
4146, 3530, 1003>
,
<1, 2, 6, 5, 12, 52, 60, 92, 142, 65, 35, 308, 372, 864, 1712, 849, 884, 2074, 
1769, 502>
,
<1, 2, 6, 5, 10, 52, 58, 86, 142, 63, 35, 308, 372, 866, 1712, 851, 870, 2074, 
1763, 504>
,
<1, 2, 6, 6, 12, 52, 61, 93, 144, 71, 36, 308, 382, 866, 1712, 862, 885, 2094, 
1777, 528>
,
<1, 2, 6, 4, 9, 39, 42, 64, 98, 44, 26, 213, 250, 583, 1150, 569, 592, 1381, 
1182, 331>
,
<1, 2, 6, 5, 11, 39, 45, 71, 100, 52, 27, 213, 260, 583, 1150, 580, 607, 1401, 
1196, 355>
,
<1, 2, 6, 5, 11, 39, 45, 69, 98, 48, 27, 213, 256, 583, 1150, 574, 601, 1382, 
1185, 331>
,
<1, 3, 10, 7, 18, 78, 83, 130, 195, 86, 50, 423, 498, 1161, 2300, 1133, 1191, 
2760, 2362, 657>
,
<1, 3, 10, 7, 18, 76, 79, 121, 173, 77, 46, 378, 432, 975, 1884, 911, 959, 2184,
1847, 517>
,
<1, 3, 8, 6, 12, 54, 60, 94, 143, 67, 35, 310, 372, 869, 1712, 854, 888, 2074, 
1773, 507>
,
<1, 3, 8, 5, 12, 44, 45, 70, 99, 46, 28, 219, 252, 585, 1150, 571, 605, 1383, 
1191, 333>
,
<1, 3, 10, 7, 18, 76, 79, 120, 171, 74, 46, 375, 426, 943, 1800, 843, 889, 1980,
1626, 435>
,
<1, 2, 5, 4, 9, 26, 28, 43, 56, 30, 18, 117, 138, 300, 588, 298, 316, 708, 609, 
182>
,
<1, 9, 34, 26, 45, 320, 334, 486, 810, 300, 164, 1539, 1836, 4325, 8448, 4023, 
4191, 9680, 7920, 2101>
,
<1, 5, 18, 14, 25, 160, 170, 250, 406, 156, 84, 771, 924, 2165, 4224, 2019, 
2107, 4848, 3968, 1061>
,
<1, 3, 12, 10, 15, 108, 112, 162, 270, 102, 56, 513, 612, 1443, 2820, 1341, 
1401, 3228, 2640, 707>
,
<1, 3, 10, 8, 13, 80, 86, 126, 204, 80, 42, 387, 462, 1083, 2112, 1011, 1055, 
2424, 1988, 533>
,
<1, 3, 8, 6, 11, 60, 60, 86, 138, 54, 32, 265, 312, 727, 1416, 677, 705, 1620, 
1328, 359>
,
<1, 3, 10, 8, 15, 80, 88, 132, 204, 84, 44, 387, 468, 1085, 2112, 1017, 1065, 
2432, 1992, 541>
,
<1, 2, 7, 6, 10, 54, 59, 88, 136, 57, 30, 258, 312, 724, 1410, 678, 712, 1622, 
1328, 364>
,
<1, 2, 6, 5, 9, 40, 46, 70, 103, 46, 23, 195, 237, 544, 1056, 513, 539, 1220, 
1002, 277>
,
<1, 2, 5, 4, 8, 30, 33, 50, 70, 33, 18, 134, 162, 366, 708, 346, 364, 818, 672, 
190>
,
<1, 1, 4, 4, 5, 28, 30, 44, 68, 30, 16, 129, 156, 363, 708, 339, 359, 812, 664, 
187>
,
<1, 1, 3, 3, 4, 14, 17, 26, 35, 19, 9, 66, 81, 183, 354, 174, 186, 410, 338, 
100>
,
<1, 18, 82, 74, 153, 1280, 1450, 2250, 4194, 1740, 848, 9027, 11376, 28550, 
59136, 30654, 31515, 78320, 69696, 20350>
,
<1, 10, 42, 42, 81, 640, 738, 1138, 2106, 908, 432, 4515, 5744, 14286, 29568, 
15406, 15779, 39280, 34912, 10350>
,
<1, 10, 34, 30, 61, 448, 500, 764, 1418, 590, 304, 3035, 3812, 9538, 19752, 
10250, 10539, 26136, 23264, 6810>
,
<1, 10, 34, 30, 61, 416, 446, 654, 1170, 488, 264, 2515, 3080, 7526, 15328, 
7898, 8079, 19976, 17684, 5226>
,
<1, 6, 22, 22, 41, 320, 370, 570, 1054, 456, 216, 2259, 2872, 7146, 14784, 7706,
7891, 19640, 17460, 5178>
,
<1, 10, 34, 30, 61, 416, 444, 636, 1122, 446, 264, 2435, 2924, 6898, 13704, 
6746, 6891, 16608, 14168, 4018>
,
<1, 6, 18, 18, 33, 224, 256, 388, 714, 310, 156, 1519, 1928, 4774, 9876, 5154, 
5279, 13112, 11656, 3466>
,
<1, 6, 16, 14, 27, 188, 214, 324, 606, 252, 128, 1293, 1632, 4082, 8454, 4386, 
4509, 11192, 9966, 2914>
,
<1, 6, 16, 14, 27, 176, 196, 292, 538, 232, 116, 1143, 1444, 3578, 7408, 3866, 
3949, 9828, 8742, 2594>
,
<1, 6, 18, 18, 33, 208, 228, 332, 590, 254, 136, 1259, 1556, 3766, 7664, 3962, 
4047, 10012, 8856, 2630>
,
<1, 6, 18, 18, 33, 208, 228, 324, 566, 238, 136, 1219, 1484, 3454, 6852, 3398, 
3455, 8344, 7108, 2054>
,
<1, 6, 22, 26, 45, 320, 382, 582, 1062, 492, 224, 2259, 2928, 7154, 14784, 7782,
7911, 19760, 17520, 5350>
,
<1, 6, 18, 18, 33, 208, 230, 334, 590, 264, 136, 1259, 1568, 3770, 7664, 3990, 
4051, 10048, 8876, 2702>
,
<1, 6, 18, 18, 33, 208, 228, 324, 566, 238, 136, 1219, 1484, 3454, 6852, 3402, 
3455, 8348, 7108, 2070>
,
<1, 6, 28, 26, 51, 428, 484, 750, 1398, 582, 284, 3009, 3792, 9518, 19716, 
10218, 10509, 26108, 23232, 6790>
,
<1, 6, 20, 18, 35, 244, 268, 398, 726, 310, 156, 1553, 1952, 4806, 9924, 5162, 
5269, 13116, 11664, 3462>
,
<1, 6, 16, 14, 27, 164, 178, 264, 486, 204, 116, 1029, 1284, 3194, 6612, 3438, 
3537, 8732, 7776, 2290>
,
<1, 6, 16, 14, 27, 156, 164, 230, 406, 170, 100, 865, 1056, 2534, 5148, 2654, 
2705, 6676, 5916, 1754>
,
<1, 6, 16, 14, 27, 156, 162, 224, 390, 156, 100, 837, 996, 2322, 4604, 2270, 
2313, 5556, 4744, 1354>
,
<1, 6, 16, 14, 27, 152, 154, 210, 354, 150, 92, 759, 888, 2078, 4104, 2094, 
2121, 5192, 4554, 1378>
,
<1, 6, 16, 14, 27, 152, 160, 222, 390, 174, 92, 825, 1032, 2450, 5028, 2634, 
2649, 6620, 5880, 1798>
,
<1, 6, 16, 14, 27, 152, 154, 204, 342, 132, 92, 741, 852, 1886, 3600, 1686, 
1701, 3968, 3228, 886>
,
<1, 4, 12, 16, 25, 160, 198, 298, 536, 266, 116, 1131, 1492, 3584, 7392, 3932, 
3967, 9940, 8794, 2764>
,
<1, 4, 9, 10, 16, 88, 105, 153, 274, 136, 62, 573, 750, 1796, 3704, 1974, 1986, 
4974, 4405, 1386>
,
<1, 4, 10, 12, 19, 104, 120, 168, 288, 134, 72, 611, 764, 1732, 3426, 1728, 
1737, 4216, 3578, 1088>
,
<1, 4, 10, 12, 19, 104, 122, 174, 300, 152, 72, 631, 812, 1892, 3832, 2036, 
2037, 5084, 4472, 1440>
,
<1, 4, 15, 18, 30, 214, 255, 388, 708, 329, 150, 1506, 1952, 4770, 9858, 5188, 
5276, 13174, 11680, 3570>
,
<1, 4, 11, 14, 22, 122, 147, 212, 372, 193, 86, 778, 1032, 2414, 4962, 2660, 
2656, 6678, 5896, 1906>
,
<1, 4, 9, 10, 16, 82, 95, 138, 248, 117, 62, 516, 664, 1602, 3306, 1748, 1778, 
4410, 3912, 1206>
,
<1, 4, 9, 10, 16, 78, 89, 122, 208, 105, 54, 434, 556, 1274, 2574, 1368, 1364, 
3398, 2992, 966>
,
<1, 4, 9, 10, 16, 78, 87, 118, 200, 93, 54, 420, 520, 1166, 2302, 1164, 1166, 
2822, 2396, 738>
,
<1, 4, 9, 10, 16, 76, 83, 111, 182, 90, 50, 381, 466, 1044, 2052, 1074, 1070, 
2638, 2301, 742>
,
<1, 4, 9, 10, 16, 76, 87, 118, 200, 107, 50, 414, 544, 1232, 2514, 1358, 1336, 
3370, 2974, 988>
,
<1, 4, 9, 10, 16, 76, 83, 108, 176, 81, 50, 372, 448, 948, 1800, 870, 860, 2026,
1638, 496>
,
<1, 4, 12, 12, 21, 160, 186, 286, 528, 230, 108, 1131, 1436, 3576, 7392, 3856, 
3947, 9820, 8734, 2592>
,
<1, 4, 10, 12, 19, 104, 120, 168, 288, 134, 72, 611, 764, 1732, 3426, 1724, 
1737, 4212, 3578, 1072>
,
<1, 4, 11, 10, 18, 122, 135, 200, 364, 157, 78, 778, 976, 2406, 4962, 2584, 
2636, 6558, 5836, 1734>
,
<1, 4, 9, 10, 16, 78, 87, 118, 200, 93, 54, 420, 520, 1166, 2302, 1160, 1166, 
2818, 2396, 722>
,
<1, 4, 10, 12, 19, 104, 120, 172, 300, 142, 72, 631, 800, 1888, 3832, 2008, 
2033, 5048, 4452, 1368>
,
<1, 4, 9, 10, 16, 78, 87, 120, 208, 95, 54, 434, 544, 1270, 2574, 1340, 1360, 
3362, 2972, 894>
,
<1, 4, 10, 8, 15, 84, 84, 114, 200, 84, 48, 425, 516, 1236, 2532, 1312, 1325, 
3296, 2938, 876>
,
<1, 4, 8, 8, 13, 52, 56, 70, 116, 58, 36, 237, 300, 656, 1316, 700, 691, 1712, 
1512, 492>
,
<1, 4, 8, 8, 13, 52, 54, 68, 112, 52, 36, 229, 276, 600, 1178, 596, 595, 1424, 
1214, 372>
,
<1, 4, 8, 8, 13, 64, 72, 104, 188, 84, 48, 391, 492, 1204, 2484, 1304, 1335, 
3292, 2930, 880>
,
<1, 4, 8, 8, 13, 50, 54, 67, 110, 63, 32, 220, 290, 626, 1274, 702, 675, 1712, 
1507, 528>
,
<1, 4, 8, 8, 13, 50, 50, 59, 90, 43, 32, 184, 210, 426, 794, 406, 397, 952, 821,
268>
,
<1, 2, 6, 6, 9, 64, 72, 108, 202, 86, 44, 431, 544, 1362, 2822, 1462, 1507, 
3732, 3322, 978>
,
<1, 2, 8, 10, 15, 108, 128, 194, 354, 166, 76, 753, 976, 2386, 4932, 2594, 2641,
6588, 5840, 1790>
,
<1, 2, 10, 10, 17, 144, 162, 250, 466, 196, 96, 1003, 1264, 3174, 6576, 3406, 
3507, 8704, 7744, 2270>
,
<1, 2, 6, 6, 9, 56, 60, 88, 162, 70, 40, 343, 428, 1066, 2208, 1146, 1183, 2912,
2592, 770>
,
<1, 2, 6, 6, 9, 52, 52, 70, 118, 52, 32, 253, 296, 694, 1372, 698, 711, 1732, 
1518, 466>
,
<1, 2, 6, 6, 9, 52, 54, 74, 130, 60, 32, 275, 344, 818, 1680, 878, 887, 2208, 
1960, 606>
,
<1, 2, 6, 6, 9, 52, 52, 68, 114, 46, 32, 247, 284, 630, 1204, 562, 571, 1324, 
1076, 302>
,
<1, 2, 5, 8, 10, 54, 71, 104, 182, 103, 42, 378, 516, 1200, 2466, 1338, 1332, 
3354, 2954, 984>
,
<1, 2, 6, 10, 13, 72, 94, 138, 242, 136, 56, 503, 688, 1598, 3288, 1782, 1775, 
4472, 3936, 1310>
,
<1, 2, 4, 6, 7, 28, 36, 50, 86, 50, 24, 173, 236, 538, 1104, 602, 601, 1500, 
1320, 446>
,
<1, 2, 4, 6, 7, 26, 32, 41, 64, 41, 20, 128, 170, 352, 686, 376, 365, 908, 783, 
286>
,
<1, 2, 4, 6, 7, 26, 34, 44, 70, 50, 20, 139, 200, 416, 840, 480, 455, 1164, 
1014, 392>
,
<1, 2, 4, 6, 7, 26, 32, 40, 62, 38, 20, 125, 164, 320, 602, 308, 295, 704, 562, 
204>
,
<1, 2, 4, 6, 7, 36, 48, 70, 122, 70, 28, 253, 344, 802, 1644, 894, 889, 2236, 
1972, 658>
,
<1, 2, 3, 4, 4, 18, 25, 36, 62, 37, 14, 128, 172, 404, 822, 450, 446, 1118, 990,
332>
,
<1, 2, 3, 4, 4, 10, 13, 16, 26, 17, 10, 48, 64, 140, 282, 158, 158, 382, 338, 
120>
,
<1, 2, 3, 4, 4, 10, 15, 18, 30, 23, 10, 56, 84, 176, 356, 206, 198, 498, 436, 
172>
,
<1, 9, 43, 37, 81, 640, 727, 1143, 2097, 878, 424, 4518, 5688, 14275, 29568, 
15327, 15798, 39160, 34866, 10175>
,
<1, 5, 23, 21, 45, 320, 371, 587, 1053, 462, 216, 2262, 2872, 7143, 14784, 7703,
7930, 19640, 17474, 5175>
,
<1, 5, 19, 15, 35, 224, 252, 400, 709, 303, 152, 1522, 1906, 4769, 9876, 5125, 
5310, 13068, 11650, 3405>
,
<1, 5, 19, 15, 35, 208, 225, 345, 585, 252, 132, 1262, 1540, 3763, 7664, 3949, 
4080, 9988, 8860, 2613>
,
<1, 3, 13, 11, 25, 160, 187, 303, 527, 236, 108, 1134, 1436, 3573, 7392, 3853, 
3986, 9820, 8748, 2589>
,
<1, 3, 13, 11, 23, 160, 187, 295, 527, 236, 108, 1134, 1436, 3573, 7392, 3853, 
3968, 9820, 8748, 2589>
,
<1, 5, 19, 15, 35, 208, 224, 336, 561, 231, 132, 1222, 1462, 3449, 6852, 3373, 
3486, 8304, 7102, 2009>
,
<1, 3, 11, 9, 21, 112, 130, 212, 357, 163, 78, 764, 964, 2387, 4938, 2577, 2680,
6556, 5846, 1733>
,
<1, 3, 10, 7, 18, 94, 109, 180, 303, 134, 64, 651, 816, 2041, 4227, 2193, 2295, 
5596, 5001, 1457>
,
<1, 3, 10, 7, 18, 88, 100, 164, 269, 124, 58, 576, 722, 1789, 3704, 1933, 2015, 
4914, 4389, 1297>
,
<1, 3, 9, 7, 15, 88, 99, 151, 269, 120, 58, 574, 722, 1789, 3704, 1933, 1986, 
4914, 4380, 1297>
,
<1, 3, 11, 9, 21, 104, 116, 184, 295, 135, 68, 634, 778, 1883, 3832, 1981, 2064,
5006, 4446, 1315>
,
<1, 3, 11, 9, 19, 104, 116, 176, 295, 135, 68, 634, 778, 1883, 3832, 1981, 2046,
5006, 4446, 1315>
,
<1, 3, 11, 9, 21, 104, 116, 180, 283, 127, 68, 614, 742, 1727, 3426, 1699, 1768,
4172, 3572, 1027>
,
<1, 3, 11, 9, 19, 104, 116, 172, 283, 127, 68, 614, 742, 1727, 3426, 1699, 1750,
4172, 3572, 1027>
,
<1, 3, 13, 13, 27, 160, 193, 309, 531, 254, 112, 1134, 1464, 3577, 7392, 3891, 
3996, 9880, 8778, 2675>
,
<1, 3, 13, 13, 25, 160, 193, 301, 531, 254, 112, 1134, 1464, 3577, 7392, 3891, 
3978, 9880, 8778, 2675>
,
<1, 3, 11, 9, 21, 104, 117, 185, 295, 140, 68, 634, 784, 1885, 3832, 1995, 2066,
5024, 4456, 1351>
,
<1, 3, 11, 9, 19, 104, 117, 177, 295, 140, 68, 634, 784, 1885, 3832, 1995, 2048,
5024, 4456, 1351>
,
<1, 3, 11, 9, 21, 104, 116, 180, 283, 127, 68, 614, 742, 1727, 3426, 1701, 1768,
4174, 3572, 1035>
,
<1, 3, 11, 9, 19, 104, 116, 172, 283, 127, 68, 614, 742, 1727, 3426, 1701, 1750,
4174, 3572, 1035>
,
<1, 3, 16, 13, 30, 214, 244, 393, 699, 299, 142, 1509, 1896, 4759, 9858, 5109, 
5295, 13054, 11634, 3395>
,
<1, 3, 15, 13, 27, 214, 243, 381, 699, 294, 142, 1506, 1896, 4759, 9858, 5109, 
5268, 13054, 11622, 3395>
,
<1, 3, 12, 9, 22, 122, 136, 217, 363, 163, 78, 781, 976, 2403, 4962, 2581, 2675,
6558, 5850, 1731>
,
<1, 3, 11, 9, 19, 122, 135, 205, 363, 158, 78, 778, 976, 2403, 4962, 2581, 2648,
6558, 5838, 1731>
,
<1, 3, 10, 7, 18, 82, 91, 150, 243, 110, 58, 519, 642, 1597, 3306, 1719, 1809, 
4366, 3906, 1145>
,
<1, 3, 9, 7, 15, 82, 90, 138, 243, 105, 58, 516, 642, 1597, 3306, 1719, 1782, 
4366, 3894, 1145>
,
<1, 3, 10, 7, 18, 78, 84, 133, 203, 93, 50, 437, 528, 1267, 2574, 1327, 1393, 
3338, 2976, 877>
,
<1, 3, 9, 7, 15, 78, 83, 121, 203, 88, 50, 434, 528, 1267, 2574, 1327, 1366, 
3338, 2964, 877>
,
<1, 3, 10, 7, 18, 78, 83, 130, 195, 86, 50, 423, 498, 1161, 2302, 1135, 1197, 
2778, 2390, 677>
,
<1, 3, 9, 7, 15, 78, 82, 118, 195, 81, 50, 420, 498, 1161, 2302, 1135, 1170, 
2778, 2378, 677>
,
<1, 3, 10, 7, 18, 76, 79, 123, 177, 83, 46, 384, 444, 1039, 2052, 1047, 1101, 
2596, 2295, 689>
,
<1, 3, 9, 7, 15, 76, 78, 110, 177, 79, 46, 382, 444, 1039, 2052, 1047, 1072, 
2596, 2286, 689>
,
<1, 3, 10, 7, 18, 76, 82, 129, 195, 95, 46, 417, 516, 1225, 2514, 1317, 1365, 
3310, 2958, 899>
,
<1, 3, 9, 7, 15, 76, 81, 115, 195, 90, 46, 414, 516, 1225, 2514, 1317, 1332, 
3310, 2946, 899>
,
<1, 3, 10, 7, 18, 76, 79, 120, 171, 74, 46, 375, 426, 943, 1800, 843, 891, 1984,
1632, 443>
,
<1, 3, 9, 7, 15, 76, 78, 106, 171, 69, 46, 372, 426, 943, 1800, 843, 858, 1984, 
1620, 443>
,
<1, 2, 8, 8, 16, 80, 101, 163, 268, 141, 58, 570, 746, 1792, 3696, 1966, 2015, 
4970, 4415, 1382>
,
<1, 2, 7, 8, 15, 80, 100, 158, 268, 137, 58, 568, 746, 1792, 3696, 1966, 2004, 
4970, 4406, 1382>
,
<1, 2, 6, 5, 11, 44, 54, 88, 137, 74, 31, 290, 375, 898, 1852, 987, 1019, 2487, 
2216, 693>
,
<1, 2, 7, 6, 13, 52, 62, 98, 144, 75, 36, 310, 382, 866, 1713, 864, 900, 2108, 
1807, 544>
,
<1, 2, 6, 6, 12, 52, 61, 93, 144, 71, 36, 308, 382, 866, 1713, 864, 889, 2108, 
1798, 544>
,
<1, 2, 7, 6, 13, 52, 63, 101, 150, 84, 36, 320, 406, 946, 1916, 1018, 1050, 
2542, 2254, 720>
,
<1, 2, 6, 6, 12, 52, 62, 96, 150, 80, 36, 318, 406, 946, 1916, 1018, 1039, 2542,
2245, 720>
,
<1, 2, 9, 9, 18, 107, 129, 206, 354, 170, 75, 756, 976, 2385, 4929, 2594, 2665, 
6587, 5852, 1785>
,
<1, 2, 7, 7, 14, 61, 75, 118, 186, 102, 43, 392, 516, 1207, 2481, 1330, 1355, 
3339, 2960, 953>
,
<1, 2, 7, 7, 14, 61, 75, 116, 186, 102, 43, 392, 516, 1207, 2481, 1330, 1349, 
3339, 2960, 953>
,
<1, 2, 6, 5, 11, 41, 49, 81, 124, 64, 31, 261, 332, 801, 1653, 874, 916, 2205, 
1968, 603>
,
<1, 2, 6, 5, 11, 39, 46, 73, 104, 58, 27, 220, 278, 637, 1287, 684, 709, 1699, 
1508, 483>
,
<1, 2, 6, 5, 11, 39, 46, 71, 104, 58, 27, 220, 278, 637, 1287, 684, 703, 1699, 
1508, 483>
,
<1, 2, 6, 5, 11, 39, 45, 71, 100, 52, 27, 213, 260, 583, 1151, 582, 610, 1411, 
1210, 369>
,
<1, 2, 6, 5, 11, 39, 45, 69, 100, 52, 27, 213, 260, 583, 1151, 582, 604, 1411, 
1210, 369>
,
<1, 2, 6, 5, 11, 38, 43, 67, 91, 51, 25, 194, 233, 522, 1026, 537, 561, 1319, 
1164, 371>
,
<1, 2, 6, 5, 11, 38, 45, 70, 100, 59, 25, 210, 272, 616, 1257, 679, 692, 1685, 
1499, 494>
,
<1, 2, 6, 5, 11, 38, 43, 65, 88, 46, 25, 189, 224, 474, 900, 435, 454, 1013, 
831, 248>
,
<1, 2, 8, 6, 14, 80, 95, 157, 264, 123, 54, 570, 718, 1788, 3696, 1928, 2005, 
4910, 4385, 1296>
,
<1, 2, 7, 6, 13, 80, 94, 152, 264, 119, 54, 568, 718, 1788, 3696, 1928, 1994, 
4910, 4376, 1296>
,
<1, 2, 7, 6, 13, 52, 62, 98, 144, 75, 36, 310, 382, 866, 1713, 862, 900, 2106, 
1807, 536>
,
<1, 2, 6, 6, 12, 52, 61, 93, 144, 71, 36, 308, 382, 866, 1713, 862, 889, 2106, 
1798, 536>
,
<1, 2, 7, 5, 12, 61, 69, 112, 182, 84, 39, 392, 488, 1203, 2481, 1292, 1345, 
3279, 2930, 867>
,
<1, 2, 7, 5, 12, 61, 69, 110, 182, 84, 39, 392, 488, 1203, 2481, 1292, 1339, 
3279, 2930, 867>
,
<1, 2, 6, 5, 11, 39, 45, 71, 100, 52, 27, 213, 260, 583, 1151, 580, 610, 1409, 
1210, 361>
,
<1, 2, 6, 5, 11, 39, 45, 69, 100, 52, 27, 213, 260, 583, 1151, 580, 604, 1409, 
1210, 361>
,
<1, 2, 7, 6, 13, 52, 62, 100, 150, 79, 36, 320, 400, 944, 1916, 1004, 1048, 
2524, 2244, 684>
,
<1, 2, 6, 6, 12, 52, 61, 95, 150, 75, 36, 318, 400, 944, 1916, 1004, 1037, 2524,
2235, 684>
,
<1, 2, 6, 5, 11, 39, 45, 72, 104, 53, 27, 220, 272, 635, 1287, 670, 707, 1681, 
1498, 447>
,
<1, 2, 6, 5, 11, 39, 45, 70, 104, 53, 27, 220, 272, 635, 1287, 670, 701, 1681, 
1498, 447>
,
<1, 2, 6, 4, 10, 42, 43, 63, 100, 45, 24, 214, 258, 618, 1266, 656, 673, 1648, 
1475, 438>
,
<1, 2, 6, 4, 10, 42, 43, 66, 100, 46, 24, 215, 258, 618, 1266, 656, 683, 1648, 
1478, 438>
,
<1, 2, 5, 4, 9, 26, 29, 41, 58, 32, 18, 120, 150, 328, 658, 350, 356, 856, 762, 
246>
,
<1, 2, 5, 4, 9, 26, 29, 44, 58, 33, 18, 121, 150, 328, 658, 350, 366, 856, 765, 
246>
,
<1, 2, 5, 4, 9, 26, 28, 40, 56, 29, 18, 116, 138, 300, 589, 298, 308, 712, 613, 
186>
,
<1, 2, 5, 4, 9, 26, 28, 43, 56, 30, 18, 117, 138, 300, 589, 298, 318, 712, 616, 
186>
,
<1, 2, 5, 4, 9, 32, 37, 61, 94, 46, 24, 198, 246, 602, 1242, 652, 688, 1646, 
1474, 440>
,
<1, 2, 5, 4, 9, 25, 28, 41, 55, 35, 16, 112, 145, 313, 637, 351, 353, 856, 761, 
264>
,
<1, 2, 5, 4, 9, 25, 26, 37, 45, 25, 16, 94, 105, 213, 397, 203, 214, 476, 418, 
134>
,
<1, 1, 4, 3, 6, 32, 37, 60, 101, 46, 22, 217, 272, 681, 1411, 731, 767, 1866, 
1667, 489>
,
<1, 1, 5, 5, 9, 54, 65, 103, 177, 86, 38, 378, 488, 1193, 2466, 1297, 1334, 
3294, 2926, 895>
,
<1, 1, 6, 5, 10, 54, 66, 107, 177, 91, 38, 381, 488, 1193, 2466, 1297, 1343, 
3294, 2938, 895>
,
<1, 1, 6, 5, 10, 72, 82, 131, 233, 101, 48, 503, 632, 1587, 3288, 1703, 1767, 
4352, 3878, 1135>
,
<1, 1, 4, 3, 6, 28, 31, 50, 81, 38, 20, 173, 214, 533, 1104, 573, 605, 1456, 
1302, 385>
,
<1, 1, 4, 3, 6, 28, 31, 50, 81, 38, 20, 173, 214, 533, 1104, 573, 605, 1456, 
1302, 385>
,
<1, 1, 4, 3, 6, 26, 27, 41, 59, 29, 16, 128, 148, 347, 686, 349, 369, 866, 765, 
233>
,
<1, 1, 4, 3, 6, 26, 27, 40, 59, 30, 16, 129, 148, 347, 686, 349, 367, 866, 768, 
233>
,
<1, 1, 4, 3, 6, 26, 28, 43, 65, 33, 16, 139, 172, 409, 840, 439, 457, 1104, 986,
303>
,
<1, 1, 4, 3, 6, 26, 28, 41, 65, 33, 16, 139, 172, 409, 840, 439, 451, 1104, 986,
303>
,
<1, 1, 4, 3, 6, 26, 27, 40, 57, 26, 16, 125, 142, 315, 602, 281, 299, 662, 544, 
151>
,
<1, 1, 4, 3, 6, 26, 27, 38, 57, 26, 16, 125, 142, 315, 602, 281, 293, 662, 544, 
151>
,
<1, 1, 4, 4, 7, 27, 37, 60, 91, 57, 21, 192, 258, 600, 1233, 669, 684, 1677, 
1489, 492>
,
<1, 1, 4, 5, 8, 36, 48, 75, 121, 71, 28, 253, 344, 799, 1644, 891, 901, 2236, 
1974, 655>
,
<1, 1, 3, 3, 5, 14, 19, 31, 43, 28, 12, 88, 118, 269, 552, 301, 314, 750, 666, 
223>
,
<1, 1, 3, 3, 5, 13, 17, 26, 32, 24, 10, 66, 85, 176, 343, 188, 195, 454, 399, 
143>
,
<1, 1, 3, 3, 5, 13, 18, 27, 35, 28, 10, 71, 100, 208, 420, 240, 238, 582, 513, 
196>
,
<1, 1, 3, 3, 5, 13, 17, 25, 31, 22, 10, 64, 82, 160, 301, 154, 158, 352, 287, 
102>
,
<1, 1, 3, 3, 5, 18, 25, 41, 61, 38, 14, 128, 172, 401, 822, 447, 458, 1118, 992,
329>
,
<1, 1, 2, 2, 3, 9, 13, 21, 31, 20, 7, 65, 86, 202, 411, 225, 230, 559, 498, 166>
,
<1, 1, 2, 2, 3, 5, 7, 11, 13, 10, 5, 25, 32, 70, 141, 79, 86, 191, 172, 60>
,
<1, 1, 2, 2, 3, 5, 8, 12, 15, 13, 5, 29, 42, 88, 178, 103, 106, 249, 221, 86>
,
<1, 5, 23, 21, 41, 320, 371, 571, 1053, 462, 216, 2262, 2872, 7143, 14784, 7703,
7894, 19640, 17474, 5175>
,
<1, 5, 19, 15, 31, 208, 225, 329, 585, 252, 132, 1262, 1540, 3763, 7664, 3949, 
4044, 9988, 8860, 2613>
,
<1, 3, 11, 11, 21, 160, 185, 285, 527, 228, 108, 1130, 1436, 3573, 7392, 3853, 
3946, 9820, 8730, 2589>
,
<1, 5, 19, 15, 31, 208, 224, 320, 561, 231, 132, 1222, 1462, 3449, 6852, 3373, 
3450, 8304, 7102, 2009>
,
<1, 3, 9, 9, 17, 104, 114, 162, 283, 119, 68, 610, 742, 1727, 3426, 1699, 1728, 
4172, 3554, 1027>
,
<1, 3, 9, 9, 17, 104, 115, 167, 295, 132, 68, 630, 784, 1885, 3832, 1995, 2026, 
5024, 4438, 1351>
,
<1, 3, 11, 9, 19, 122, 135, 201, 363, 158, 78, 778, 976, 2403, 4962, 2581, 2636,
6558, 5838, 1731>
,
<1, 3, 9, 7, 15, 78, 83, 117, 203, 88, 50, 434, 528, 1267, 2574, 1327, 1354, 
3338, 2964, 877>
,
<1, 3, 9, 7, 15, 78, 82, 114, 195, 81, 50, 420, 498, 1161, 2302, 1135, 1158, 
2778, 2378, 677>
,
<1, 1, 2, 3, 4, 18, 24, 35, 61, 35, 14, 127, 172, 401, 822, 447, 445, 1118, 986,
329>
];
