L:=[
<1, 5, 12, 9, 17, 84, 78, 96, 149, 52, 45, 313, 333, 689, 1240, 537, 537, 1177, 894, 221>
,
<1, 4, 9, 6, 11, 47, 42, 53, 76, 28, 26, 164, 170, 349, 620, 273, 278, 592, 456, 115>
,
<1, 3, 8, 5, 11, 42, 40, 58, 75, 30, 25, 161, 169, 347, 620, 271, 291, 591, 456, 113>
,
<1, 2, 4, 3, 6, 21, 21, 29, 38, 15, 13, 81, 85, 174, 310, 136, 146, 296, 229, 57>
,
<1, 3, 7, 4, 8, 26, 23, 34, 39, 17, 16, 88, 88, 178, 310, 140, 155, 299, 237, 61>
,
<1, 3, 7, 6, 10, 42, 41, 52, 77, 31, 24, 158, 172, 346, 620, 274, 275, 599, 455, 121>
,
<1, 2, 5, 4, 7, 21, 22, 33, 40, 20, 14, 82, 90, 175, 310, 141, 152, 306, 236, 67>
,
<1, 2, 4, 3, 5, 13, 13, 19, 21, 11, 9, 45, 47, 90, 155, 73, 81, 155, 123, 36>
];
