L:=[
<1, 10, 34, 30, 61, 416, 444, 636, 1122, 446, 264, 2435, 2924, 6898, 13696, 
6734, 6859, 16500, 14000, 3906>
,
<1, 6, 18, 18, 33, 208, 228, 324, 566, 238, 136, 1219, 1484, 3454, 6848, 3394, 
3439, 8292, 7024, 2006>
,
<1, 6, 16, 14, 27, 156, 162, 224, 390, 156, 100, 837, 996, 2322, 4600, 2266, 
2301, 5520, 4688, 1314>
,
<1, 6, 16, 14, 27, 152, 154, 206, 346, 138, 92, 747, 864, 1950, 3768, 1822, 
1837, 4368, 3658, 1034>
,
<1, 6, 16, 14, 27, 152, 154, 204, 342, 132, 92, 741, 852, 1886, 3600, 1686, 
1697, 3960, 3216, 870>
,
<1, 4, 10, 12, 19, 104, 120, 168, 288, 134, 72, 611, 764, 1732, 3424, 1724, 
1729, 4188, 3536, 1056>
,
<1, 4, 9, 10, 16, 78, 87, 118, 200, 93, 54, 420, 520, 1166, 2300, 1160, 1160, 
2802, 2368, 710>
,
<1, 4, 9, 10, 16, 76, 83, 109, 178, 84, 50, 375, 454, 980, 1884, 938, 928, 2226,
1853, 570>
,
<1, 4, 9, 10, 16, 76, 83, 108, 176, 81, 50, 372, 448, 948, 1800, 870, 858, 2022,
1632, 488>
,
<1, 4, 8, 8, 13, 52, 54, 68, 112, 52, 36, 229, 276, 600, 1176, 596, 591, 1416, 
1200, 364>
,
<1, 4, 8, 8, 13, 50, 50, 59, 90, 43, 32, 184, 210, 414, 760, 374, 359, 840, 685,
224>
,
<1, 6, 19, 24, 36, 208, 239, 340, 586, 291, 142, 1222, 1552, 3462, 6848, 3484, 
3479, 8500, 7153, 2278>
,
<1, 4, 11, 14, 20, 104, 123, 176, 296, 155, 74, 614, 788, 1736, 3424, 1758, 
1751, 4272, 3593, 1168>
,
<1, 4, 9, 10, 16, 78, 87, 120, 204, 101, 54, 420, 528, 1166, 2300, 1172, 1167, 
2844, 2395, 766>
,
<1, 4, 9, 10, 16, 76, 83, 110, 180, 87, 50, 376, 456, 980, 1884, 942, 935, 2248,
1871, 600>
,
<1, 4, 9, 10, 16, 76, 83, 108, 176, 81, 50, 372, 448, 948, 1800, 870, 859, 2024,
1635, 492>
,
<1, 3, 7, 9, 12, 52, 65, 94, 151, 87, 40, 310, 406, 873, 1712, 895, 887, 2158, 
1813, 613>
,
<1, 3, 6, 7, 10, 39, 47, 66, 105, 60, 30, 213, 276, 588, 1150, 602, 595, 1444, 
1214, 412>
,
<1, 3, 6, 7, 10, 38, 45, 61, 93, 53, 28, 191, 240, 495, 942, 487, 479, 1146, 
952, 329>
,
<1, 3, 6, 7, 10, 38, 45, 60, 91, 50, 28, 189, 236, 479, 900, 451, 441, 1034, 
834, 275>
,
<1, 3, 5, 5, 8, 26, 29, 38, 59, 33, 20, 116, 146, 303, 588, 309, 303, 730, 615, 
211>
,
<1, 3, 5, 5, 8, 25, 27, 33, 47, 26, 18, 94, 110, 210, 380, 194, 187, 432, 353, 
128>
,
<1, 6, 19, 16, 32, 208, 223, 324, 562, 227, 134, 1222, 1464, 3454, 6848, 3372, 
3443, 8252, 7009, 1958>
,
<1, 4, 9, 10, 18, 104, 117, 162, 284, 119, 70, 610, 744, 1728, 3424, 1698, 1721,
4148, 3515, 1004>
,
<1, 4, 9, 10, 16, 78, 87, 116, 196, 85, 54, 420, 512, 1166, 2300, 1148, 1155, 
2764, 2347, 662>
,
<1, 4, 11, 10, 18, 104, 115, 168, 284, 123, 70, 614, 744, 1732, 3424, 1702, 
1733, 4148, 3521, 1008>
,
<1, 3, 6, 7, 11, 52, 62, 87, 145, 69, 38, 308, 384, 869, 1712, 865, 872, 2096, 
1774, 531>
,
<1, 3, 6, 7, 10, 39, 47, 64, 101, 52, 30, 213, 268, 588, 1150, 590, 589, 1404, 
1190, 360>
,
<1, 4, 10, 8, 15, 78, 82, 118, 196, 82, 52, 423, 500, 1166, 2300, 1138, 1164, 
2762, 2353, 662>
,
<1, 4, 10, 8, 15, 76, 78, 109, 174, 73, 48, 378, 434, 980, 1884, 916, 932, 2186,
1838, 522>
,
<1, 4, 10, 8, 15, 76, 78, 108, 172, 70, 48, 375, 428, 948, 1800, 848, 862, 1982,
1617, 440>
,
<1, 3, 5, 5, 8, 26, 29, 37, 57, 28, 20, 117, 140, 303, 588, 301, 303, 710, 606, 
185>
,
<1, 9, 26, 19, 44, 248, 239, 338, 565, 226, 164, 1315, 1494, 3493, 6848, 3411, 
3448, 8282, 7125, 1997>
,
<1, 5, 14, 11, 24, 124, 123, 174, 285, 122, 84, 659, 758, 1749, 3424, 1719, 
1732, 4162, 3577, 1025>
,
<1, 5, 12, 9, 18, 92, 87, 120, 197, 80, 62, 453, 510, 1177, 2300, 1149, 1160, 
2772, 2387, 673>
,
<1, 5, 12, 9, 18, 88, 83, 110, 175, 72, 54, 399, 440, 989, 1884, 925, 926, 2192,
1865, 531>
,
<1, 5, 12, 9, 18, 88, 83, 108, 173, 68, 54, 393, 434, 953, 1800, 853, 856, 1988,
1635, 445>
,
<1, 3, 8, 7, 14, 62, 65, 92, 145, 70, 44, 331, 390, 877, 1712, 873, 874, 2102, 
1803, 539>
,
<1, 3, 7, 6, 11, 46, 47, 65, 101, 49, 33, 228, 266, 591, 1150, 588, 588, 1407, 
1208, 363>
,
<1, 3, 7, 6, 11, 44, 45, 60, 90, 45, 29, 201, 231, 497, 942, 476, 471, 1117, 
947, 292>
,
<1, 3, 7, 6, 11, 44, 45, 59, 89, 43, 29, 198, 228, 479, 900, 440, 436, 1015, 
832, 249>
,
<1, 3, 6, 5, 8, 30, 29, 38, 57, 28, 22, 125, 142, 305, 588, 303, 302, 712, 613, 
187>
,
<1, 3, 6, 5, 8, 28, 27, 33, 46, 24, 18, 98, 107, 211, 380, 191, 185, 422, 352, 
116>
,
<1, 5, 15, 14, 25, 124, 129, 181, 295, 151, 87, 662, 792, 1753, 3424, 1764, 
1751, 4266, 3648, 1161>
,
<1, 3, 9, 8, 15, 62, 67, 99, 149, 83, 45, 334, 402, 879, 1712, 890, 893, 2144, 
1838, 595>
,
<1, 3, 7, 6, 11, 46, 47, 65, 103, 53, 33, 228, 270, 591, 1150, 594, 589, 1428, 
1222, 391>
,
<1, 3, 7, 6, 11, 44, 45, 61, 91, 47, 29, 202, 232, 497, 942, 478, 477, 1128, 
958, 307>
,
<1, 3, 7, 6, 11, 44, 45, 59, 89, 43, 29, 198, 228, 479, 900, 440, 437, 1016, 
834, 251>
,
<1, 2, 6, 5, 10, 31, 36, 58, 76, 49, 24, 170, 207, 442, 856, 453, 464, 1083, 
933, 312>
,
<1, 2, 5, 4, 8, 23, 26, 41, 53, 34, 18, 117, 141, 298, 575, 305, 312, 725, 625, 
210>
,
<1, 2, 5, 4, 8, 22, 25, 39, 47, 31, 16, 104, 122, 251, 471, 247, 256, 575, 493, 
168>
,
<1, 2, 5, 4, 8, 22, 25, 38, 46, 29, 16, 102, 120, 242, 450, 228, 236, 519, 431, 
140>
,
<1, 2, 4, 3, 6, 15, 16, 24, 30, 19, 12, 64, 75, 154, 294, 157, 160, 367, 317, 
108>
,
<1, 2, 4, 3, 6, 14, 15, 22, 24, 16, 10, 51, 56, 107, 190, 99, 104, 217, 185, 66>
,
<1, 5, 15, 10, 25, 124, 121, 181, 283, 119, 83, 662, 748, 1749, 3424, 1708, 
1751, 4142, 3576, 1001>
,
<1, 3, 7, 6, 13, 62, 63, 87, 143, 61, 43, 330, 380, 875, 1712, 860, 867, 2082, 
1790, 513>
,
<1, 3, 7, 6, 11, 46, 47, 65, 99, 45, 33, 228, 262, 591, 1150, 582, 589, 1388, 
1198, 339>
,
<1, 3, 9, 6, 15, 62, 63, 99, 143, 67, 43, 334, 380, 877, 1712, 862, 893, 2082, 
1802, 515>
,
<1, 2, 5, 4, 9, 31, 34, 52, 73, 38, 23, 168, 196, 440, 856, 438, 451, 1052, 909,
271>
,
<1, 2, 5, 4, 8, 23, 26, 41, 51, 30, 18, 117, 137, 298, 575, 299, 312, 705, 613, 
184>
,
<1, 3, 8, 5, 12, 46, 45, 72, 99, 46, 32, 231, 256, 591, 1150, 577, 607, 1387, 
1207, 339>
,
<1, 3, 8, 5, 12, 44, 43, 67, 88, 42, 28, 204, 221, 497, 942, 465, 490, 1097, 
946, 268>
,
<1, 3, 8, 5, 12, 44, 43, 66, 87, 40, 28, 201, 218, 479, 900, 429, 455, 995, 831,
225>
,
<1, 2, 4, 3, 6, 15, 16, 25, 29, 17, 12, 65, 72, 154, 294, 153, 165, 357, 314, 
95>
,
<1, 5, 18, 15, 32, 208, 223, 322, 561, 226, 132, 1219, 1462, 3449, 6848, 3367, 
3436, 8250, 7005, 1953>
,
<1, 5, 12, 11, 18, 108, 117, 164, 285, 122, 68, 611, 742, 1733, 3424, 1703, 
1722, 4146, 3519, 1009>
,
<1, 5, 12, 9, 18, 88, 87, 116, 197, 80, 54, 429, 502, 1165, 2300, 1137, 1156, 
2764, 2355, 661>
,
<1, 3, 10, 9, 18, 104, 115, 166, 283, 122, 68, 611, 742, 1727, 3424, 1697, 1726,
4146, 3517, 1003>
,
<1, 3, 9, 7, 15, 78, 82, 116, 195, 81, 50, 420, 498, 1161, 2300, 1133, 1157, 
2760, 2349, 657>
,
<1, 3, 9, 7, 15, 76, 78, 107, 173, 72, 46, 375, 432, 975, 1884, 911, 925, 2184, 
1834, 517>
,
<1, 3, 7, 7, 11, 54, 62, 87, 145, 70, 36, 307, 382, 869, 1712, 865, 869, 2094, 
1774, 531>
,
<1, 3, 7, 6, 11, 44, 47, 63, 101, 49, 29, 216, 262, 585, 1150, 582, 586, 1403, 
1192, 357>
,
<1, 3, 9, 7, 15, 76, 78, 106, 171, 69, 46, 372, 426, 943, 1800, 843, 855, 1980, 
1613, 435>
,
<1, 3, 6, 5, 8, 28, 29, 37, 57, 29, 18, 116, 138, 303, 588, 301, 300, 708, 606, 
185>
,
<1, 5, 19, 15, 31, 208, 224, 320, 561, 231, 132, 1222, 1462, 3449, 6848, 3367, 
3434, 8250, 7018, 1953>
,
<1, 3, 11, 9, 19, 104, 116, 172, 283, 127, 68, 614, 742, 1727, 3424, 1697, 1742,
4146, 3530, 1003>
,
<1, 3, 11, 8, 17, 104, 113, 165, 281, 119, 67, 614, 732, 1727, 3424, 1686, 1727,
4126, 3516, 979>
,
<1, 3, 11, 12, 21, 104, 121, 181, 293, 151, 71, 614, 776, 1731, 3424, 1742, 
1763, 4250, 3588, 1139>
,
<1, 3, 9, 7, 15, 78, 82, 114, 195, 81, 50, 420, 498, 1161, 2300, 1133, 1152, 
2760, 2350, 657>
,
<1, 3, 9, 7, 15, 76, 78, 108, 173, 73, 46, 376, 432, 975, 1884, 911, 930, 2184, 
1838, 517>
,
<1, 3, 7, 6, 11, 54, 61, 87, 143, 65, 35, 308, 372, 867, 1712, 852, 873, 2074, 
1770, 505>
,
<1, 3, 7, 8, 11, 54, 63, 89, 149, 79, 37, 308, 394, 871, 1712, 882, 877, 2136, 
1800, 587>
,
<1, 3, 7, 6, 11, 44, 47, 61, 99, 45, 29, 216, 258, 585, 1150, 576, 581, 1384, 
1182, 333>
,
<1, 3, 7, 6, 11, 44, 47, 65, 103, 53, 29, 216, 266, 585, 1150, 588, 593, 1424, 
1206, 385>
,
<1, 3, 9, 7, 15, 76, 78, 106, 171, 69, 46, 372, 426, 943, 1800, 843, 856, 1980, 
1614, 435>
,
<1, 2, 7, 6, 13, 52, 62, 98, 144, 75, 36, 310, 382, 866, 1712, 862, 896, 2094, 
1786, 528>
,
<1, 2, 7, 5, 11, 52, 59, 91, 142, 67, 35, 310, 372, 866, 1712, 851, 881, 2074, 
1772, 504>
,
<1, 2, 7, 7, 13, 52, 63, 99, 148, 83, 37, 310, 394, 868, 1712, 879, 899, 2136, 
1808, 584>
,
<1, 2, 6, 4, 9, 39, 42, 62, 98, 44, 26, 213, 250, 583, 1150, 569, 586, 1381, 
1182, 331>
,
<1, 2, 6, 5, 11, 39, 45, 71, 102, 56, 27, 213, 264, 583, 1150, 586, 607, 1422, 
1209, 383>
,
<1, 2, 6, 5, 11, 39, 45, 69, 100, 52, 27, 213, 260, 583, 1150, 580, 601, 1401, 
1196, 355>
,
<1, 2, 6, 5, 11, 38, 43, 66, 89, 48, 25, 191, 227, 490, 942, 469, 490, 1113, 
940, 285>
,
<1, 2, 5, 4, 8, 27, 33, 52, 73, 40, 19, 157, 192, 436, 856, 434, 454, 1048, 899,
267>
,
<1, 2, 6, 4, 9, 38, 40, 59, 87, 40, 24, 191, 217, 490, 942, 458, 475, 1093, 926,
261>
,
<1, 2, 6, 5, 11, 38, 43, 66, 90, 49, 25, 191, 228, 490, 942, 471, 491, 1124, 
947, 300>
,
<1, 2, 5, 5, 8, 27, 34, 53, 76, 47, 20, 157, 203, 438, 856, 449, 456, 1079, 914,
308>
,
<1, 2, 6, 5, 11, 38, 43, 65, 88, 46, 25, 189, 224, 474, 900, 435, 453, 1012, 
829, 246>
,
<1, 2, 6, 4, 9, 38, 40, 58, 86, 38, 24, 189, 214, 474, 900, 424, 438, 991, 814, 
220>
,
<1, 2, 5, 4, 8, 22, 26, 39, 51, 30, 16, 111, 135, 295, 575, 296, 308, 703, 605, 
181>
,
<1, 2, 6, 5, 11, 38, 43, 65, 88, 46, 25, 189, 224, 474, 900, 435, 453, 1011, 
828, 244>
,
<1, 2, 5, 4, 8, 22, 26, 41, 53, 34, 16, 111, 139, 295, 575, 302, 314, 723, 617, 
207>
,
<1, 2, 5, 4, 9, 26, 28, 40, 56, 29, 18, 116, 138, 300, 588, 298, 306, 708, 606, 
182>
,
<1, 2, 4, 3, 6, 14, 16, 25, 30, 20, 10, 60, 73, 153, 294, 156, 164, 365, 315, 
107>
,
<1, 2, 5, 4, 9, 25, 26, 37, 45, 25, 16, 94, 105, 207, 380, 187, 195, 420, 350, 
112>
,
<1, 2, 4, 3, 6, 14, 16, 23, 29, 17, 10, 60, 70, 153, 294, 152, 159, 355, 309, 
94>
,
<1, 5, 19, 15, 35, 208, 224, 336, 561, 231, 132, 1222, 1462, 3449, 6848, 3367, 
3470, 8250, 7018, 1953>
,
<1, 3, 9, 9, 17, 104, 114, 162, 283, 119, 68, 610, 742, 1727, 3424, 1697, 1720, 
4146, 3512, 1003>
,
<1, 3, 9, 7, 15, 78, 82, 118, 195, 81, 50, 420, 498, 1161, 2300, 1133, 1164, 
2760, 2350, 657>
,
<1, 3, 11, 8, 19, 104, 113, 173, 281, 119, 67, 614, 732, 1727, 3424, 1686, 1745,
4126, 3516, 979>
,
<1, 3, 11, 9, 21, 104, 116, 180, 283, 127, 68, 614, 742, 1727, 3424, 1697, 1760,
4146, 3530, 1003>
,
<1, 2, 6, 5, 12, 52, 60, 92, 142, 65, 35, 308, 372, 864, 1712, 849, 884, 2074, 
1769, 502>
,
<1, 2, 6, 5, 10, 52, 58, 86, 142, 63, 35, 308, 372, 866, 1712, 851, 870, 2074, 
1763, 504>
,
<1, 2, 6, 6, 12, 52, 61, 93, 144, 71, 36, 308, 382, 866, 1712, 862, 885, 2094, 
1777, 528>
,
<1, 2, 6, 4, 9, 39, 42, 64, 98, 44, 26, 213, 250, 583, 1150, 569, 592, 1381, 
1182, 331>
,
<1, 2, 6, 5, 11, 39, 45, 71, 100, 52, 27, 213, 260, 583, 1150, 580, 607, 1401, 
1196, 355>
,
<1, 2, 6, 5, 11, 39, 45, 69, 98, 48, 27, 213, 256, 583, 1150, 574, 601, 1382, 
1185, 331>
,
<1, 3, 10, 7, 18, 78, 83, 130, 195, 86, 50, 423, 498, 1161, 2300, 1133, 1191, 
2760, 2362, 657>
,
<1, 3, 10, 7, 18, 76, 79, 121, 173, 77, 46, 378, 432, 975, 1884, 911, 959, 2184,
1847, 517>
,
<1, 3, 8, 6, 12, 54, 60, 94, 143, 67, 35, 310, 372, 869, 1712, 854, 888, 2074, 
1773, 507>
,
<1, 3, 8, 5, 12, 44, 45, 70, 99, 46, 28, 219, 252, 585, 1150, 571, 605, 1383, 
1191, 333>
,
<1, 3, 10, 7, 18, 76, 79, 120, 171, 74, 46, 375, 426, 943, 1800, 843, 889, 1980,
1626, 435>
,
<1, 2, 5, 4, 9, 26, 28, 43, 56, 30, 18, 117, 138, 300, 588, 298, 316, 708, 609, 
182>
];
