L:=[
<1, 6, 16, 14, 27, 152, 154, 204, 342, 132, 92, 741, 852, 1886, 3600, 1686, 1695, 3956, 3210, 862>
,
<1, 5, 12, 9, 18, 88, 83, 108, 173, 68, 54, 393, 434, 953, 1800, 853, 854, 1986, 1631, 441>
,
<1, 4, 10, 8, 15, 76, 78, 108, 172, 70, 48, 375, 428, 948, 1800, 848, 861, 1980, 1614, 436>
,
<1, 3, 10, 7, 18, 76, 79, 120, 171, 74, 46, 375, 426, 943, 1800, 843, 888, 1978, 1623, 431>
,
<1, 4, 9, 10, 16, 76, 83, 108, 176, 81, 50, 372, 448, 948, 1800, 870, 857, 2020, 1629, 484>
,
<1, 3, 9, 7, 15, 76, 78, 106, 171, 69, 46, 372, 426, 943, 1800, 843, 854, 1978, 1610, 431>
,
<1, 2, 6, 6, 9, 52, 52, 68, 114, 46, 32, 247, 284, 630, 1204, 562, 569, 1320, 1070, 294>
,
<1, 3, 5, 5, 9, 38, 42, 54, 87, 35, 26, 188, 216, 475, 900, 425, 432, 992, 810, 219>
,
<1, 2, 5, 4, 8, 38, 39, 54, 86, 35, 24, 188, 214, 474, 900, 424, 431, 990, 807, 218>
,
<1, 4, 9, 6, 12, 50, 45, 60, 88, 37, 32, 210, 222, 484, 900, 434, 437, 998, 833, 228>
,
<1, 3, 8, 5, 12, 44, 43, 66, 87, 40, 28, 201, 218, 479, 900, 429, 454, 994, 829, 223>
,
<1, 3, 7, 5, 9, 38, 40, 60, 87, 39, 26, 192, 216, 479, 900, 429, 444, 992, 816, 223>
,
<1, 3, 7, 6, 11, 44, 45, 59, 89, 43, 29, 198, 228, 479, 900, 440, 435, 1014, 830, 247>
,
<1, 3, 6, 7, 10, 38, 45, 60, 91, 50, 28, 189, 236, 479, 900, 451, 440, 1032, 831, 271>
,
<1, 2, 6, 4, 9, 38, 40, 58, 86, 38, 24, 189, 214, 474, 900, 424, 437, 990, 812, 218>
,
<1, 2, 6, 5, 11, 38, 43, 65, 88, 46, 25, 189, 224, 474, 900, 435, 452, 1010, 826, 242>
,
<1, 1, 4, 3, 6, 26, 27, 40, 57, 26, 16, 125, 142, 315, 602, 281, 298, 660, 541, 147>
,
<1, 2, 4, 6, 7, 26, 32, 40, 62, 38, 20, 125, 164, 320, 602, 308, 294, 702, 559, 200>
,
<1, 1, 4, 3, 6, 26, 27, 38, 57, 26, 16, 125, 142, 315, 602, 281, 291, 660, 540, 147>
,
<1, 2, 4, 3, 7, 22, 23, 33, 44, 20, 15, 101, 110, 240, 450, 215, 228, 498, 416, 112>
,
<1, 3, 7, 4, 9, 28, 25, 39, 45, 23, 19, 114, 114, 247, 450, 222, 237, 502, 432, 119>
,
<1, 2, 5, 4, 8, 22, 25, 38, 46, 29, 16, 102, 120, 242, 450, 228, 235, 518, 429, 138>
,
<1, 3, 5, 5, 8, 25, 27, 33, 47, 26, 19, 106, 123, 245, 450, 231, 224, 521, 430, 141>
,
<1, 2, 4, 4, 6, 19, 23, 33, 46, 27, 15, 97, 119, 242, 450, 228, 227, 517, 420, 138>
,
<1, 2, 5, 3, 7, 25, 23, 32, 44, 20, 16, 106, 111, 242, 450, 217, 222, 499, 419, 114>
,
<1, 2, 4, 3, 6, 19, 22, 32, 44, 21, 14, 97, 109, 240, 450, 215, 226, 497, 412, 112>
,
<1, 1, 3, 3, 5, 13, 17, 25, 31, 22, 10, 64, 82, 160, 301, 154, 157, 351, 285, 100>
,
<1, 1, 3, 3, 3, 14, 14, 20, 29, 15, 10, 64, 72, 161, 304, 143, 152, 332, 272, 81>
,
<1, 2, 4, 3, 6, 14, 15, 22, 24, 16, 11, 58, 63, 125, 225, 118, 123, 262, 224, 73>
,
<1, 1, 3, 2, 3, 10, 9, 13, 15, 9, 7, 38, 38, 83, 152, 74, 81, 168, 144, 43>
,
<1, 1, 2, 3, 3, 7, 10, 13, 17, 15, 7, 33, 47, 83, 152, 85, 81, 187, 148, 67>
,
<1, 1, 2, 2, 3, 7, 9, 12, 15, 9, 6, 33, 37, 81, 152, 72, 80, 167, 140, 41>
,
<1, 1, 2, 2, 3, 5, 7, 9, 9, 9, 5, 20, 25, 43, 76, 44, 45, 95, 80, 35>
];
