L:=[
<1, 18, 82, 74, 153, 1280, 1450, 2250, 4194, 1740, 848, 9027, 11376, 28550, 
59136, 30654, 31515, 78320, 69696, 20350>
,
<1, 10, 42, 42, 81, 640, 738, 1138, 2106, 908, 432, 4515, 5744, 14286, 29568, 
15406, 15779, 39280, 34912, 10350>
,
<1, 10, 34, 30, 61, 448, 500, 764, 1418, 590, 304, 3035, 3812, 9538, 19752, 
10250, 10539, 26136, 23264, 6810>
,
<1, 10, 34, 30, 61, 416, 446, 654, 1170, 488, 264, 2515, 3080, 7526, 15328, 
7898, 8079, 19976, 17684, 5226>
,
<1, 6, 22, 22, 41, 320, 370, 570, 1054, 456, 216, 2259, 2872, 7146, 14784, 7706,
7891, 19640, 17460, 5178>
,
<1, 10, 34, 30, 61, 416, 444, 636, 1122, 446, 264, 2435, 2924, 6898, 13704, 
6746, 6891, 16608, 14168, 4018>
,
<1, 6, 18, 18, 33, 224, 256, 388, 714, 310, 156, 1519, 1928, 4774, 9876, 5154, 
5279, 13112, 11656, 3466>
,
<1, 6, 16, 14, 27, 188, 214, 324, 606, 252, 128, 1293, 1632, 4082, 8454, 4386, 
4509, 11192, 9966, 2914>
,
<1, 6, 16, 14, 27, 176, 196, 292, 538, 232, 116, 1143, 1444, 3578, 7408, 3866, 
3949, 9828, 8742, 2594>
,
<1, 6, 18, 18, 33, 208, 228, 332, 590, 254, 136, 1259, 1556, 3766, 7664, 3962, 
4047, 10012, 8856, 2630>
,
<1, 6, 18, 18, 33, 208, 228, 324, 566, 238, 136, 1219, 1484, 3454, 6852, 3398, 
3455, 8344, 7108, 2054>
,
<1, 6, 22, 26, 45, 320, 382, 582, 1062, 492, 224, 2259, 2928, 7154, 14784, 7782,
7911, 19760, 17520, 5350>
,
<1, 6, 18, 18, 33, 208, 230, 334, 590, 264, 136, 1259, 1568, 3770, 7664, 3990, 
4051, 10048, 8876, 2702>
,
<1, 6, 18, 18, 33, 208, 228, 324, 566, 238, 136, 1219, 1484, 3454, 6852, 3402, 
3455, 8348, 7108, 2070>
,
<1, 6, 28, 26, 51, 428, 484, 750, 1398, 582, 284, 3009, 3792, 9518, 19716, 
10218, 10509, 26108, 23232, 6790>
,
<1, 6, 20, 18, 35, 244, 268, 398, 726, 310, 156, 1553, 1952, 4806, 9924, 5162, 
5269, 13116, 11664, 3462>
,
<1, 6, 16, 14, 27, 164, 178, 264, 486, 204, 116, 1029, 1284, 3194, 6612, 3438, 
3537, 8732, 7776, 2290>
,
<1, 6, 16, 14, 27, 156, 164, 230, 406, 170, 100, 865, 1056, 2534, 5148, 2654, 
2705, 6676, 5916, 1754>
,
<1, 6, 16, 14, 27, 156, 162, 224, 390, 156, 100, 837, 996, 2322, 4604, 2270, 
2313, 5556, 4744, 1354>
,
<1, 6, 16, 14, 27, 152, 154, 210, 354, 150, 92, 759, 888, 2078, 4104, 2094, 
2121, 5192, 4554, 1378>
,
<1, 6, 16, 14, 27, 152, 160, 222, 390, 174, 92, 825, 1032, 2450, 5028, 2634, 
2649, 6620, 5880, 1798>
,
<1, 6, 16, 14, 27, 152, 154, 204, 342, 132, 92, 741, 852, 1886, 3600, 1686, 
1701, 3968, 3228, 886>
,
<1, 4, 12, 16, 25, 160, 198, 298, 536, 266, 116, 1131, 1492, 3584, 7392, 3932, 
3967, 9940, 8794, 2764>
,
<1, 4, 9, 10, 16, 88, 105, 153, 274, 136, 62, 573, 750, 1796, 3704, 1974, 1986, 
4974, 4405, 1386>
,
<1, 4, 10, 12, 19, 104, 120, 168, 288, 134, 72, 611, 764, 1732, 3426, 1728, 
1737, 4216, 3578, 1088>
,
<1, 4, 10, 12, 19, 104, 122, 174, 300, 152, 72, 631, 812, 1892, 3832, 2036, 
2037, 5084, 4472, 1440>
,
<1, 4, 15, 18, 30, 214, 255, 388, 708, 329, 150, 1506, 1952, 4770, 9858, 5188, 
5276, 13174, 11680, 3570>
,
<1, 4, 11, 14, 22, 122, 147, 212, 372, 193, 86, 778, 1032, 2414, 4962, 2660, 
2656, 6678, 5896, 1906>
,
<1, 4, 9, 10, 16, 82, 95, 138, 248, 117, 62, 516, 664, 1602, 3306, 1748, 1778, 
4410, 3912, 1206>
,
<1, 4, 9, 10, 16, 78, 89, 122, 208, 105, 54, 434, 556, 1274, 2574, 1368, 1364, 
3398, 2992, 966>
,
<1, 4, 9, 10, 16, 78, 87, 118, 200, 93, 54, 420, 520, 1166, 2302, 1164, 1166, 
2822, 2396, 738>
,
<1, 4, 9, 10, 16, 76, 83, 111, 182, 90, 50, 381, 466, 1044, 2052, 1074, 1070, 
2638, 2301, 742>
,
<1, 4, 9, 10, 16, 76, 87, 118, 200, 107, 50, 414, 544, 1232, 2514, 1358, 1336, 
3370, 2974, 988>
,
<1, 4, 9, 10, 16, 76, 83, 108, 176, 81, 50, 372, 448, 948, 1800, 870, 860, 2026,
1638, 496>
,
<1, 4, 12, 12, 21, 160, 186, 286, 528, 230, 108, 1131, 1436, 3576, 7392, 3856, 
3947, 9820, 8734, 2592>
,
<1, 4, 10, 12, 19, 104, 120, 168, 288, 134, 72, 611, 764, 1732, 3426, 1724, 
1737, 4212, 3578, 1072>
,
<1, 4, 11, 10, 18, 122, 135, 200, 364, 157, 78, 778, 976, 2406, 4962, 2584, 
2636, 6558, 5836, 1734>
,
<1, 4, 9, 10, 16, 78, 87, 118, 200, 93, 54, 420, 520, 1166, 2302, 1160, 1166, 
2818, 2396, 722>
,
<1, 4, 10, 12, 19, 104, 120, 172, 300, 142, 72, 631, 800, 1888, 3832, 2008, 
2033, 5048, 4452, 1368>
,
<1, 4, 9, 10, 16, 78, 87, 120, 208, 95, 54, 434, 544, 1270, 2574, 1340, 1360, 
3362, 2972, 894>
,
<1, 4, 10, 8, 15, 84, 84, 114, 200, 84, 48, 425, 516, 1236, 2532, 1312, 1325, 
3296, 2938, 876>
,
<1, 4, 8, 8, 13, 52, 56, 70, 116, 58, 36, 237, 300, 656, 1316, 700, 691, 1712, 
1512, 492>
,
<1, 4, 8, 8, 13, 52, 54, 68, 112, 52, 36, 229, 276, 600, 1178, 596, 595, 1424, 
1214, 372>
,
<1, 4, 8, 8, 13, 64, 72, 104, 188, 84, 48, 391, 492, 1204, 2484, 1304, 1335, 
3292, 2930, 880>
,
<1, 4, 8, 8, 13, 50, 54, 67, 110, 63, 32, 220, 290, 626, 1274, 702, 675, 1712, 
1507, 528>
,
<1, 4, 8, 8, 13, 50, 50, 59, 90, 43, 32, 184, 210, 426, 794, 406, 397, 952, 821,
268>
,
<1, 2, 6, 6, 9, 64, 72, 108, 202, 86, 44, 431, 544, 1362, 2822, 1462, 1507, 
3732, 3322, 978>
,
<1, 2, 8, 10, 15, 108, 128, 194, 354, 166, 76, 753, 976, 2386, 4932, 2594, 2641,
6588, 5840, 1790>
,
<1, 2, 10, 10, 17, 144, 162, 250, 466, 196, 96, 1003, 1264, 3174, 6576, 3406, 
3507, 8704, 7744, 2270>
,
<1, 2, 6, 6, 9, 56, 60, 88, 162, 70, 40, 343, 428, 1066, 2208, 1146, 1183, 2912,
2592, 770>
,
<1, 2, 6, 6, 9, 52, 52, 70, 118, 52, 32, 253, 296, 694, 1372, 698, 711, 1732, 
1518, 466>
,
<1, 2, 6, 6, 9, 52, 54, 74, 130, 60, 32, 275, 344, 818, 1680, 878, 887, 2208, 
1960, 606>
,
<1, 2, 6, 6, 9, 52, 52, 68, 114, 46, 32, 247, 284, 630, 1204, 562, 571, 1324, 
1076, 302>
,
<1, 2, 5, 8, 10, 54, 71, 104, 182, 103, 42, 378, 516, 1200, 2466, 1338, 1332, 
3354, 2954, 984>
,
<1, 2, 6, 10, 13, 72, 94, 138, 242, 136, 56, 503, 688, 1598, 3288, 1782, 1775, 
4472, 3936, 1310>
,
<1, 2, 4, 6, 7, 28, 36, 50, 86, 50, 24, 173, 236, 538, 1104, 602, 601, 1500, 
1320, 446>
,
<1, 2, 4, 6, 7, 26, 32, 41, 64, 41, 20, 128, 170, 352, 686, 376, 365, 908, 783, 
286>
,
<1, 2, 4, 6, 7, 26, 34, 44, 70, 50, 20, 139, 200, 416, 840, 480, 455, 1164, 
1014, 392>
,
<1, 2, 4, 6, 7, 26, 32, 40, 62, 38, 20, 125, 164, 320, 602, 308, 295, 704, 562, 
204>
,
<1, 2, 4, 6, 7, 36, 48, 70, 122, 70, 28, 253, 344, 802, 1644, 894, 889, 2236, 
1972, 658>
,
<1, 2, 3, 4, 4, 18, 25, 36, 62, 37, 14, 128, 172, 404, 822, 450, 446, 1118, 990,
332>
,
<1, 2, 3, 4, 4, 10, 13, 16, 26, 17, 10, 48, 64, 140, 282, 158, 158, 382, 338, 
120>
,
<1, 2, 3, 4, 4, 10, 15, 18, 30, 23, 10, 56, 84, 176, 356, 206, 198, 498, 436, 
172>
,
<1, 9, 43, 37, 81, 640, 727, 1143, 2097, 878, 424, 4518, 5688, 14275, 29568, 
15327, 15798, 39160, 34866, 10175>
,
<1, 5, 23, 21, 45, 320, 371, 587, 1053, 462, 216, 2262, 2872, 7143, 14784, 7703,
7930, 19640, 17474, 5175>
,
<1, 5, 19, 15, 35, 224, 252, 400, 709, 303, 152, 1522, 1906, 4769, 9876, 5125, 
5310, 13068, 11650, 3405>
,
<1, 5, 19, 15, 35, 208, 225, 345, 585, 252, 132, 1262, 1540, 3763, 7664, 3949, 
4080, 9988, 8860, 2613>
,
<1, 3, 13, 11, 25, 160, 187, 303, 527, 236, 108, 1134, 1436, 3573, 7392, 3853, 
3986, 9820, 8748, 2589>
,
<1, 3, 13, 11, 23, 160, 187, 295, 527, 236, 108, 1134, 1436, 3573, 7392, 3853, 
3968, 9820, 8748, 2589>
,
<1, 5, 19, 15, 35, 208, 224, 336, 561, 231, 132, 1222, 1462, 3449, 6852, 3373, 
3486, 8304, 7102, 2009>
,
<1, 3, 11, 9, 21, 112, 130, 212, 357, 163, 78, 764, 964, 2387, 4938, 2577, 2680,
6556, 5846, 1733>
,
<1, 3, 10, 7, 18, 94, 109, 180, 303, 134, 64, 651, 816, 2041, 4227, 2193, 2295, 
5596, 5001, 1457>
,
<1, 3, 10, 7, 18, 88, 100, 164, 269, 124, 58, 576, 722, 1789, 3704, 1933, 2015, 
4914, 4389, 1297>
,
<1, 3, 9, 7, 15, 88, 99, 151, 269, 120, 58, 574, 722, 1789, 3704, 1933, 1986, 
4914, 4380, 1297>
,
<1, 3, 11, 9, 21, 104, 116, 184, 295, 135, 68, 634, 778, 1883, 3832, 1981, 2064,
5006, 4446, 1315>
,
<1, 3, 11, 9, 19, 104, 116, 176, 295, 135, 68, 634, 778, 1883, 3832, 1981, 2046,
5006, 4446, 1315>
,
<1, 3, 11, 9, 21, 104, 116, 180, 283, 127, 68, 614, 742, 1727, 3426, 1699, 1768,
4172, 3572, 1027>
,
<1, 3, 11, 9, 19, 104, 116, 172, 283, 127, 68, 614, 742, 1727, 3426, 1699, 1750,
4172, 3572, 1027>
,
<1, 3, 13, 13, 27, 160, 193, 309, 531, 254, 112, 1134, 1464, 3577, 7392, 3891, 
3996, 9880, 8778, 2675>
,
<1, 3, 13, 13, 25, 160, 193, 301, 531, 254, 112, 1134, 1464, 3577, 7392, 3891, 
3978, 9880, 8778, 2675>
,
<1, 3, 11, 9, 21, 104, 117, 185, 295, 140, 68, 634, 784, 1885, 3832, 1995, 2066,
5024, 4456, 1351>
,
<1, 3, 11, 9, 19, 104, 117, 177, 295, 140, 68, 634, 784, 1885, 3832, 1995, 2048,
5024, 4456, 1351>
,
<1, 3, 11, 9, 21, 104, 116, 180, 283, 127, 68, 614, 742, 1727, 3426, 1701, 1768,
4174, 3572, 1035>
,
<1, 3, 11, 9, 19, 104, 116, 172, 283, 127, 68, 614, 742, 1727, 3426, 1701, 1750,
4174, 3572, 1035>
,
<1, 3, 16, 13, 30, 214, 244, 393, 699, 299, 142, 1509, 1896, 4759, 9858, 5109, 
5295, 13054, 11634, 3395>
,
<1, 3, 15, 13, 27, 214, 243, 381, 699, 294, 142, 1506, 1896, 4759, 9858, 5109, 
5268, 13054, 11622, 3395>
,
<1, 3, 12, 9, 22, 122, 136, 217, 363, 163, 78, 781, 976, 2403, 4962, 2581, 2675,
6558, 5850, 1731>
,
<1, 3, 11, 9, 19, 122, 135, 205, 363, 158, 78, 778, 976, 2403, 4962, 2581, 2648,
6558, 5838, 1731>
,
<1, 3, 10, 7, 18, 82, 91, 150, 243, 110, 58, 519, 642, 1597, 3306, 1719, 1809, 
4366, 3906, 1145>
,
<1, 3, 9, 7, 15, 82, 90, 138, 243, 105, 58, 516, 642, 1597, 3306, 1719, 1782, 
4366, 3894, 1145>
,
<1, 3, 10, 7, 18, 78, 84, 133, 203, 93, 50, 437, 528, 1267, 2574, 1327, 1393, 
3338, 2976, 877>
,
<1, 3, 9, 7, 15, 78, 83, 121, 203, 88, 50, 434, 528, 1267, 2574, 1327, 1366, 
3338, 2964, 877>
,
<1, 3, 10, 7, 18, 78, 83, 130, 195, 86, 50, 423, 498, 1161, 2302, 1135, 1197, 
2778, 2390, 677>
,
<1, 3, 9, 7, 15, 78, 82, 118, 195, 81, 50, 420, 498, 1161, 2302, 1135, 1170, 
2778, 2378, 677>
,
<1, 3, 10, 7, 18, 76, 79, 123, 177, 83, 46, 384, 444, 1039, 2052, 1047, 1101, 
2596, 2295, 689>
,
<1, 3, 9, 7, 15, 76, 78, 110, 177, 79, 46, 382, 444, 1039, 2052, 1047, 1072, 
2596, 2286, 689>
,
<1, 3, 10, 7, 18, 76, 82, 129, 195, 95, 46, 417, 516, 1225, 2514, 1317, 1365, 
3310, 2958, 899>
,
<1, 3, 9, 7, 15, 76, 81, 115, 195, 90, 46, 414, 516, 1225, 2514, 1317, 1332, 
3310, 2946, 899>
,
<1, 3, 10, 7, 18, 76, 79, 120, 171, 74, 46, 375, 426, 943, 1800, 843, 891, 1984,
1632, 443>
,
<1, 3, 9, 7, 15, 76, 78, 106, 171, 69, 46, 372, 426, 943, 1800, 843, 858, 1984, 
1620, 443>
,
<1, 2, 8, 8, 16, 80, 101, 163, 268, 141, 58, 570, 746, 1792, 3696, 1966, 2015, 
4970, 4415, 1382>
,
<1, 2, 7, 8, 15, 80, 100, 158, 268, 137, 58, 568, 746, 1792, 3696, 1966, 2004, 
4970, 4406, 1382>
,
<1, 2, 6, 5, 11, 44, 54, 88, 137, 74, 31, 290, 375, 898, 1852, 987, 1019, 2487, 
2216, 693>
,
<1, 2, 7, 6, 13, 52, 62, 98, 144, 75, 36, 310, 382, 866, 1713, 864, 900, 2108, 
1807, 544>
,
<1, 2, 6, 6, 12, 52, 61, 93, 144, 71, 36, 308, 382, 866, 1713, 864, 889, 2108, 
1798, 544>
,
<1, 2, 7, 6, 13, 52, 63, 101, 150, 84, 36, 320, 406, 946, 1916, 1018, 1050, 
2542, 2254, 720>
,
<1, 2, 6, 6, 12, 52, 62, 96, 150, 80, 36, 318, 406, 946, 1916, 1018, 1039, 2542,
2245, 720>
,
<1, 2, 9, 9, 18, 107, 129, 206, 354, 170, 75, 756, 976, 2385, 4929, 2594, 2665, 
6587, 5852, 1785>
,
<1, 2, 7, 7, 14, 61, 75, 118, 186, 102, 43, 392, 516, 1207, 2481, 1330, 1355, 
3339, 2960, 953>
,
<1, 2, 7, 7, 14, 61, 75, 116, 186, 102, 43, 392, 516, 1207, 2481, 1330, 1349, 
3339, 2960, 953>
,
<1, 2, 6, 5, 11, 41, 49, 81, 124, 64, 31, 261, 332, 801, 1653, 874, 916, 2205, 
1968, 603>
,
<1, 2, 6, 5, 11, 39, 46, 73, 104, 58, 27, 220, 278, 637, 1287, 684, 709, 1699, 
1508, 483>
,
<1, 2, 6, 5, 11, 39, 46, 71, 104, 58, 27, 220, 278, 637, 1287, 684, 703, 1699, 
1508, 483>
,
<1, 2, 6, 5, 11, 39, 45, 71, 100, 52, 27, 213, 260, 583, 1151, 582, 610, 1411, 
1210, 369>
,
<1, 2, 6, 5, 11, 39, 45, 69, 100, 52, 27, 213, 260, 583, 1151, 582, 604, 1411, 
1210, 369>
,
<1, 2, 6, 5, 11, 38, 43, 67, 91, 51, 25, 194, 233, 522, 1026, 537, 561, 1319, 
1164, 371>
,
<1, 2, 6, 5, 11, 38, 45, 70, 100, 59, 25, 210, 272, 616, 1257, 679, 692, 1685, 
1499, 494>
,
<1, 2, 6, 5, 11, 38, 43, 65, 88, 46, 25, 189, 224, 474, 900, 435, 454, 1013, 
831, 248>
,
<1, 2, 8, 6, 14, 80, 95, 157, 264, 123, 54, 570, 718, 1788, 3696, 1928, 2005, 
4910, 4385, 1296>
,
<1, 2, 7, 6, 13, 80, 94, 152, 264, 119, 54, 568, 718, 1788, 3696, 1928, 1994, 
4910, 4376, 1296>
,
<1, 2, 7, 6, 13, 52, 62, 98, 144, 75, 36, 310, 382, 866, 1713, 862, 900, 2106, 
1807, 536>
,
<1, 2, 6, 6, 12, 52, 61, 93, 144, 71, 36, 308, 382, 866, 1713, 862, 889, 2106, 
1798, 536>
,
<1, 2, 7, 5, 12, 61, 69, 112, 182, 84, 39, 392, 488, 1203, 2481, 1292, 1345, 
3279, 2930, 867>
,
<1, 2, 7, 5, 12, 61, 69, 110, 182, 84, 39, 392, 488, 1203, 2481, 1292, 1339, 
3279, 2930, 867>
,
<1, 2, 6, 5, 11, 39, 45, 71, 100, 52, 27, 213, 260, 583, 1151, 580, 610, 1409, 
1210, 361>
,
<1, 2, 6, 5, 11, 39, 45, 69, 100, 52, 27, 213, 260, 583, 1151, 580, 604, 1409, 
1210, 361>
,
<1, 2, 7, 6, 13, 52, 62, 100, 150, 79, 36, 320, 400, 944, 1916, 1004, 1048, 
2524, 2244, 684>
,
<1, 2, 6, 6, 12, 52, 61, 95, 150, 75, 36, 318, 400, 944, 1916, 1004, 1037, 2524,
2235, 684>
,
<1, 2, 6, 5, 11, 39, 45, 72, 104, 53, 27, 220, 272, 635, 1287, 670, 707, 1681, 
1498, 447>
,
<1, 2, 6, 5, 11, 39, 45, 70, 104, 53, 27, 220, 272, 635, 1287, 670, 701, 1681, 
1498, 447>
,
<1, 2, 6, 4, 10, 42, 43, 63, 100, 45, 24, 214, 258, 618, 1266, 656, 673, 1648, 
1475, 438>
,
<1, 2, 6, 4, 10, 42, 43, 66, 100, 46, 24, 215, 258, 618, 1266, 656, 683, 1648, 
1478, 438>
,
<1, 2, 5, 4, 9, 26, 29, 41, 58, 32, 18, 120, 150, 328, 658, 350, 356, 856, 762, 
246>
,
<1, 2, 5, 4, 9, 26, 29, 44, 58, 33, 18, 121, 150, 328, 658, 350, 366, 856, 765, 
246>
,
<1, 2, 5, 4, 9, 26, 28, 40, 56, 29, 18, 116, 138, 300, 589, 298, 308, 712, 613, 
186>
,
<1, 2, 5, 4, 9, 26, 28, 43, 56, 30, 18, 117, 138, 300, 589, 298, 318, 712, 616, 
186>
,
<1, 2, 5, 4, 9, 32, 37, 61, 94, 46, 24, 198, 246, 602, 1242, 652, 688, 1646, 
1474, 440>
,
<1, 2, 5, 4, 9, 25, 28, 41, 55, 35, 16, 112, 145, 313, 637, 351, 353, 856, 761, 
264>
,
<1, 2, 5, 4, 9, 25, 26, 37, 45, 25, 16, 94, 105, 213, 397, 203, 214, 476, 418, 
134>
,
<1, 1, 4, 3, 6, 32, 37, 60, 101, 46, 22, 217, 272, 681, 1411, 731, 767, 1866, 
1667, 489>
,
<1, 1, 5, 5, 9, 54, 65, 103, 177, 86, 38, 378, 488, 1193, 2466, 1297, 1334, 
3294, 2926, 895>
,
<1, 1, 6, 5, 10, 54, 66, 107, 177, 91, 38, 381, 488, 1193, 2466, 1297, 1343, 
3294, 2938, 895>
,
<1, 1, 6, 5, 10, 72, 82, 131, 233, 101, 48, 503, 632, 1587, 3288, 1703, 1767, 
4352, 3878, 1135>
,
<1, 1, 4, 3, 6, 28, 31, 50, 81, 38, 20, 173, 214, 533, 1104, 573, 605, 1456, 
1302, 385>
,
<1, 1, 4, 3, 6, 28, 31, 50, 81, 38, 20, 173, 214, 533, 1104, 573, 605, 1456, 
1302, 385>
,
<1, 1, 4, 3, 6, 26, 27, 41, 59, 29, 16, 128, 148, 347, 686, 349, 369, 866, 765, 
233>
,
<1, 1, 4, 3, 6, 26, 27, 40, 59, 30, 16, 129, 148, 347, 686, 349, 367, 866, 768, 
233>
,
<1, 1, 4, 3, 6, 26, 28, 43, 65, 33, 16, 139, 172, 409, 840, 439, 457, 1104, 986,
303>
,
<1, 1, 4, 3, 6, 26, 28, 41, 65, 33, 16, 139, 172, 409, 840, 439, 451, 1104, 986,
303>
,
<1, 1, 4, 3, 6, 26, 27, 40, 57, 26, 16, 125, 142, 315, 602, 281, 299, 662, 544, 
151>
,
<1, 1, 4, 3, 6, 26, 27, 38, 57, 26, 16, 125, 142, 315, 602, 281, 293, 662, 544, 
151>
,
<1, 1, 4, 4, 7, 27, 37, 60, 91, 57, 21, 192, 258, 600, 1233, 669, 684, 1677, 
1489, 492>
,
<1, 1, 4, 5, 8, 36, 48, 75, 121, 71, 28, 253, 344, 799, 1644, 891, 901, 2236, 
1974, 655>
,
<1, 1, 3, 3, 5, 14, 19, 31, 43, 28, 12, 88, 118, 269, 552, 301, 314, 750, 666, 
223>
,
<1, 1, 3, 3, 5, 13, 17, 26, 32, 24, 10, 66, 85, 176, 343, 188, 195, 454, 399, 
143>
,
<1, 1, 3, 3, 5, 13, 18, 27, 35, 28, 10, 71, 100, 208, 420, 240, 238, 582, 513, 
196>
,
<1, 1, 3, 3, 5, 13, 17, 25, 31, 22, 10, 64, 82, 160, 301, 154, 158, 352, 287, 
102>
,
<1, 1, 3, 3, 5, 18, 25, 41, 61, 38, 14, 128, 172, 401, 822, 447, 458, 1118, 992,
329>
,
<1, 1, 2, 2, 3, 9, 13, 21, 31, 20, 7, 65, 86, 202, 411, 225, 230, 559, 498, 166>
,
<1, 1, 2, 2, 3, 5, 7, 11, 13, 10, 5, 25, 32, 70, 141, 79, 86, 191, 172, 60>
,
<1, 1, 2, 2, 3, 5, 8, 12, 15, 13, 5, 29, 42, 88, 178, 103, 106, 249, 221, 86>
,
<1, 5, 23, 21, 41, 320, 371, 571, 1053, 462, 216, 2262, 2872, 7143, 14784, 7703,
7894, 19640, 17474, 5175>
,
<1, 5, 19, 15, 31, 208, 225, 329, 585, 252, 132, 1262, 1540, 3763, 7664, 3949, 
4044, 9988, 8860, 2613>
,
<1, 3, 11, 11, 21, 160, 185, 285, 527, 228, 108, 1130, 1436, 3573, 7392, 3853, 
3946, 9820, 8730, 2589>
,
<1, 5, 19, 15, 31, 208, 224, 320, 561, 231, 132, 1222, 1462, 3449, 6852, 3373, 
3450, 8304, 7102, 2009>
,
<1, 3, 9, 9, 17, 104, 114, 162, 283, 119, 68, 610, 742, 1727, 3426, 1699, 1728, 
4172, 3554, 1027>
,
<1, 3, 9, 9, 17, 104, 115, 167, 295, 132, 68, 630, 784, 1885, 3832, 1995, 2026, 
5024, 4438, 1351>
,
<1, 3, 11, 9, 19, 122, 135, 201, 363, 158, 78, 778, 976, 2403, 4962, 2581, 2636,
6558, 5838, 1731>
,
<1, 3, 9, 7, 15, 78, 83, 117, 203, 88, 50, 434, 528, 1267, 2574, 1327, 1354, 
3338, 2964, 877>
,
<1, 3, 9, 7, 15, 78, 82, 114, 195, 81, 50, 420, 498, 1161, 2302, 1135, 1158, 
2778, 2378, 677>
,
<1, 1, 2, 3, 4, 18, 24, 35, 61, 35, 14, 127, 172, 401, 822, 447, 445, 1118, 986,
329>
];
