L:=[
<5, 10, 43, 24, 90, 198, 68, 443, 252, 974, 552, 2174, 4900, 724, 5059, 2848, 
1612, 11390, 6404, 25826, 14480, 58820, 134470, 8464, 61295, 4752, 34224, 19148,
139902, 77984, 43560, 320514, 178360, 736348, 409080, 1695582, 3912300, 14244, 
103864, 771445, 57892, 427912, 237712, 1776190, 132240, 983856, 545704, 4098898,
2267408, 1255916, 9476748, 5235860, 21946050, 12111120, 50895180, 118184220>
,
<3, 6, 23, 12, 46, 102, 36, 225, 128, 490, 276, 1090, 2460, 364, 2539, 1428, 
812, 5702, 3208, 12922, 7240, 29420, 67270, 4240, 30673, 2376, 17124, 9580, 
69970, 39004, 21800, 160278, 89200, 368204, 204540, 847826, 1956276, 7140, 
51952, 385793, 28964, 213988, 118880, 888146, 66120, 491964, 272872, 2049506, 
1133744, 628028, 4738444, 2618000, 10973130, 6055560, 25447716, 59092572>
,
<3, 6, 21, 12, 42, 90, 32, 185, 108, 394, 228, 858, 1900, 292, 1917, 1096, 632, 
4230, 2412, 9442, 5360, 21240, 48090, 3144, 21933, 1788, 12360, 6988, 49482, 
27808, 15680, 112326, 62960, 256164, 143220, 586362, 1346436, 5208, 36760, 
267271, 20652, 149040, 83296, 611402, 46656, 340224, 189704, 1403670, 779584, 
433808, 3231828, 1791804, 7458822, 4128768, 17249652, 39963924>
,
<3, 6, 21, 12, 42, 90, 32, 183, 108, 390, 228, 846, 1860, 288, 1847, 1068, 624, 
4054, 2340, 8982, 5160, 20020, 44870, 3004, 20333, 1728, 11592, 6632, 45482, 
25860, 14760, 102282, 58000, 230980, 130620, 523474, 1190196, 4932, 33716, 
237711, 19164, 133972, 75708, 538782, 42888, 302952, 170760, 1225510, 687560, 
386680, 2795916, 1565396, 6395662, 3573864, 14664972, 33699204>
,
<3, 6, 21, 12, 42, 90, 32, 183, 108, 390, 228, 846, 1860, 288, 1845, 1068, 624, 
4050, 2340, 8970, 5160, 19980, 44730, 3000, 20223, 1728, 11556, 6624, 45198, 
25764, 14736, 101502, 57720, 228780, 129780, 517230, 1172556, 4920, 33480, 
234131, 19080, 132444, 75096, 529462, 42672, 298908, 169104, 1200918, 676680, 
382080, 2730700, 1535940, 6222734, 3494232, 14208012, 32498004>
,
<2, 4, 13, 6, 24, 54, 20, 116, 66, 248, 138, 548, 1240, 184, 1279, 718, 412, 
2858, 1610, 6470, 3620, 14720, 33670, 2128, 15362, 1188, 8574, 4796, 35004, 
19514, 10920, 80160, 44620, 184132, 102270, 423948, 978264, 3588, 25996, 192967,
14500, 107026, 59464, 444124, 33060, 246018, 136456, 1024810, 566912, 314084, 
2369292, 1309070, 5486670, 3027780, 12723984, 29546748>
,
<2, 4, 12, 6, 22, 48, 18, 96, 56, 200, 114, 432, 960, 148, 968, 552, 322, 2122, 
1212, 4730, 2680, 10630, 24080, 1580, 10992, 894, 6192, 3500, 24760, 13916, 
7860, 56184, 31500, 128112, 71610, 293216, 673344, 2622, 18400, 133706, 10344, 
74552, 41672, 305752, 23328, 170148, 94872, 701892, 389832, 216974, 1615984, 
895972, 3729516, 2064384, 8624952, 19982424>
,
<2, 4, 12, 6, 22, 48, 18, 95, 56, 198, 114, 426, 940, 146, 933, 538, 318, 2034, 
1176, 4500, 2580, 10020, 22470, 1510, 10192, 864, 5808, 3322, 22760, 12942, 
7400, 51162, 29020, 115520, 65310, 261772, 595224, 2484, 16878, 118926, 9600, 
67018, 37878, 269442, 21444, 151512, 85400, 612812, 343820, 193410, 1398028, 
782768, 3197936, 1786932, 7332612, 16850064>
,
<2, 4, 12, 6, 22, 48, 18, 95, 56, 198, 114, 426, 940, 146, 932, 538, 318, 2032, 
1176, 4494, 2580, 10000, 22400, 1508, 10137, 864, 5790, 3318, 22618, 12894, 
7388, 50772, 28880, 114420, 64890, 258650, 586404, 2478, 16760, 117136, 9558, 
66254, 37572, 264782, 21336, 149490, 84572, 600516, 338380, 191110, 1365420, 
768040, 3111472, 1747116, 7104132, 16249464>
,
<2, 4, 11, 6, 20, 42, 16, 76, 46, 152, 90, 316, 680, 112, 657, 386, 232, 1386, 
814, 2990, 1740, 6540, 14490, 1032, 6622, 600, 3810, 2204, 14516, 8318, 4800, 
32208, 18380, 72092, 40950, 162484, 368424, 1656, 10804, 74445, 6188, 42078, 
23880, 167380, 13596, 94278, 53288, 378974, 212752, 119864, 862676, 482874, 
1972362, 1100988, 4525920, 10418100>
,
<2, 4, 11, 6, 20, 42, 16, 75, 46, 150, 90, 310, 660, 110, 622, 372, 228, 1298, 
778, 2760, 1640, 5930, 12880, 962, 5822, 570, 3426, 2026, 12516, 7344, 4340, 
27186, 15900, 59500, 34650, 131040, 290304, 1518, 9282, 59665, 5444, 34544, 
20086, 131070, 11712, 75642, 43816, 289894, 166740, 96300, 644720, 369670, 
1440782, 823536, 3233580, 7285740>
,
<2, 6, 22, 10, 44, 102, 38, 221, 128, 488, 270, 1084, 2460, 358, 2530, 1422, 
818, 5694, 3208, 12916, 7220, 29400, 67270, 4236, 30647, 2352, 17114, 9562, 
69952, 38986, 21820, 160254, 89200, 368184, 204470, 847756, 1956276, 7170, 
51928, 385723, 28970, 213954, 118868, 888094, 66040, 491934, 272812, 2049452, 
1133684, 628098, 4738364, 2618000, 10973060, 6055308, 25447464, 59092572>
,
<2, 4, 14, 6, 24, 54, 22, 119, 68, 250, 138, 548, 1240, 186, 1290, 722, 418, 
2864, 1616, 6476, 3620, 14720, 33670, 2140, 15397, 1188, 8590, 4802, 35026, 
19526, 10940, 80178, 44640, 184152, 102270, 423948, 978264, 3618, 26028, 193079,
14530, 107074, 59500, 444194, 33060, 246066, 136476, 1024876, 566952, 314154, 
2369352, 1309140, 5486740, 3027780, 12723984, 29546748>
,
<2, 4, 12, 6, 22, 48, 18, 95, 56, 200, 114, 432, 960, 146, 964, 550, 322, 2120, 
1212, 4730, 2680, 10630, 24080, 1576, 10977, 888, 6186, 3494, 24752, 13910, 
7860, 56178, 31500, 128112, 71610, 293216, 673344, 2622, 18384, 133657, 10338, 
74530, 41660, 305722, 23308, 170130, 94852, 701868, 389812, 216974, 1615964, 
895972, 3729516, 2064384, 8624952, 19982424>
,
<2, 4, 12, 6, 22, 48, 18, 95, 56, 198, 114, 426, 940, 146, 934, 538, 318, 2034, 
1176, 4500, 2580, 10020, 22470, 1512, 10197, 864, 5810, 3322, 22762, 12942, 
7400, 51162, 29020, 115520, 65310, 261772, 595224, 2490, 16884, 118947, 9606, 
67026, 37884, 269452, 21444, 151518, 85400, 612818, 343820, 193410, 1398028, 
782768, 3197936, 1786932, 7332612, 16850064>
,
<2, 4, 12, 6, 22, 48, 18, 95, 56, 198, 114, 426, 940, 146, 932, 538, 318, 2032, 
1176, 4494, 2580, 10000, 22400, 1508, 10137, 864, 5790, 3318, 22618, 12894, 
7388, 50772, 28880, 114420, 64890, 258650, 586404, 2478, 16760, 117137, 9558, 
66254, 37572, 264782, 21336, 149490, 84572, 600516, 338380, 191110, 1365420, 
768040, 3111472, 1747116, 7104132, 16249464>
,
<2, 3, 10, 4, 14, 30, 14, 68, 38, 131, 72, 280, 630, 100, 670, 372, 218, 1449, 
820, 3256, 1820, 7380, 16870, 1092, 7772, 606, 4328, 2422, 17563, 9796, 5500, 
40140, 22360, 92136, 51170, 212044, 489258, 1842, 13078, 96757, 7310, 53634, 
29816, 222244, 16570, 123132, 68308, 512588, 283586, 157182, 1184846, 654710, 
2743580, 1514016, 6362244, 14773836>
,
<2, 3, 9, 4, 13, 27, 12, 56, 32, 106, 60, 222, 490, 80, 507, 286, 170, 1077, 
618, 2383, 1350, 5335, 12075, 810, 5562, 456, 3126, 1768, 12426, 6988, 3960, 
28140, 15790, 64116, 35840, 146678, 336798, 1344, 9256, 67046, 5214, 37362, 
20896, 153008, 11694, 85164, 47496, 351084, 195016, 108592, 808152, 448126, 
1864968, 1032318, 4312728, 9991674>
,
<2, 3, 9, 4, 13, 27, 12, 56, 32, 105, 60, 219, 480, 80, 492, 280, 168, 1034, 
600, 2268, 1300, 5030, 11270, 778, 5172, 444, 2938, 1682, 11431, 6504, 3730, 
25632, 14550, 57820, 32690, 130956, 297738, 1278, 8506, 59691, 4848, 33610, 
19008, 134873, 10762, 75858, 42770, 306559, 172020, 96810, 699184, 391524, 
1599178, 893592, 3666558, 8425494>
,
<2, 3, 9, 4, 13, 27, 12, 56, 32, 105, 60, 219, 480, 80, 491, 280, 168, 1033, 
600, 2265, 1300, 5020, 11235, 776, 5142, 444, 2928, 1680, 11359, 6480, 3724, 
25437, 14480, 57270, 32480, 129395, 293328, 1272, 8444, 58786, 4824, 33224, 
18852, 132538, 10708, 74844, 42356, 300408, 169300, 95660, 682880, 384160, 
1555946, 873684, 3552318, 8125194>
,
<2, 3, 8, 4, 12, 24, 10, 44, 26, 81, 48, 164, 350, 60, 344, 200, 122, 705, 416, 
1510, 880, 3290, 7280, 528, 3352, 306, 1924, 1114, 7289, 4180, 2420, 16140, 
9220, 36096, 20510, 81312, 184338, 846, 5434, 37335, 3118, 21090, 11976, 83772, 
6818, 47196, 26684, 189580, 106446, 60002, 431458, 241542, 986356, 550620, 
2263212, 5209512>
,
<2, 3, 8, 4, 12, 24, 10, 44, 26, 80, 48, 161, 340, 60, 329, 194, 120, 662, 398, 
1395, 830, 2985, 6475, 496, 2962, 294, 1736, 1028, 6294, 3696, 2190, 13632, 
7980, 29800, 17360, 65590, 145278, 780, 4684, 29980, 2752, 17338, 10088, 65637, 
5886, 37890, 21958, 145055, 83450, 48220, 322490, 184940, 720566, 411894, 
1617042, 3643332>
,
<4, 6, 26, 14, 48, 102, 38, 235, 132, 496, 282, 1096, 2460, 374, 2570, 1442, 
818, 5722, 3220, 12940, 7260, 29440, 67270, 4268, 30769, 2400, 17166, 9610, 
70032, 39046, 21820, 160338, 89240, 368264, 204610, 847896, 1956276, 7170, 
52040, 386087, 29018, 214118, 118964, 888338, 66200, 492090, 272972, 2049692, 
1133884, 628098, 4738644, 2618140, 10973340, 6055812, 25447968, 59092572>
,
<2, 4, 12, 6, 24, 54, 18, 113, 64, 246, 138, 548, 1240, 182, 1270, 714, 406, 
2852, 1604, 6464, 3620, 14720, 33670, 2120, 15337, 1188, 8562, 4790, 34986, 
19502, 10900, 80142, 44600, 184112, 102270, 423948, 978264, 3570, 25976, 192897,
14482, 106994, 59440, 444074, 33060, 245982, 136436, 1024756, 566872, 314014, 
2369232, 1309000, 5486600, 3027780, 12723984, 29546748>
,
<2, 4, 12, 6, 22, 48, 18, 97, 56, 200, 114, 432, 960, 150, 972, 554, 322, 2124, 
1212, 4730, 2680, 10630, 24080, 1584, 11007, 900, 6198, 3506, 24768, 13922, 
7860, 56190, 31500, 128112, 71610, 293216, 673344, 2622, 18416, 133757, 10350, 
74574, 41684, 305782, 23348, 170166, 94892, 701916, 389852, 216974, 1616004, 
895972, 3729516, 2064384, 8624952, 19982424>
,
<3, 4, 16, 8, 26, 54, 22, 126, 70, 254, 144, 554, 1240, 194, 1310, 732, 418, 
2878, 1622, 6488, 3640, 14740, 33670, 2156, 15458, 1212, 8616, 4826, 35066, 
19556, 10940, 80220, 44660, 184192, 102340, 424018, 978264, 3618, 26084, 193261,
14554, 107156, 59548, 444316, 33140, 246144, 136556, 1024996, 567052, 314154, 
2369492, 1309210, 5486880, 3028032, 12724236, 29546748>
,
<2, 3, 9, 4, 14, 30, 12, 65, 36, 129, 72, 280, 630, 98, 660, 368, 212, 1443, 
814, 3250, 1820, 7380, 16870, 1082, 7742, 606, 4314, 2416, 17543, 9784, 5480, 
40122, 22340, 92116, 51170, 212044, 489258, 1818, 13052, 96666, 7286, 53594, 
29786, 222184, 16570, 123090, 68288, 512528, 283546, 157112, 1184786, 654640, 
2743510, 1514016, 6362244, 14773836>
,
<2, 3, 9, 4, 13, 27, 12, 57, 32, 106, 60, 222, 490, 82, 511, 288, 170, 1079, 
618, 2383, 1350, 5335, 12075, 814, 5577, 462, 3132, 1774, 12434, 6994, 3960, 
28146, 15790, 64116, 35840, 146678, 336798, 1344, 9272, 67096, 5220, 37384, 
20908, 153038, 11714, 85182, 47516, 351108, 195036, 108592, 808172, 448126, 
1864968, 1032318, 4312728, 9991674>
,
<3, 4, 15, 8, 24, 48, 20, 106, 60, 206, 120, 438, 960, 158, 999, 566, 328, 2142,
1224, 4748, 2700, 10650, 24080, 1608, 11088, 918, 6234, 3530, 24822, 13958, 
7880, 56244, 31540, 128172, 71680, 293286, 673344, 2652, 18488, 134000, 10398, 
74682, 41756, 305944, 23408, 170274, 94972, 702078, 389972, 217044, 1616184, 
896112, 3729726, 2064636, 8625204, 19982424>
,
<3, 4, 15, 8, 24, 48, 20, 105, 60, 204, 120, 432, 940, 156, 964, 552, 324, 2054,
1188, 4518, 2600, 10040, 22470, 1538, 10288, 888, 5850, 3352, 22822, 12984, 
7420, 51222, 29060, 115580, 65380, 261842, 595224, 2514, 16966, 119220, 9654, 
67148, 37962, 269634, 21524, 151638, 85500, 612998, 343960, 193480, 1398228, 
782908, 3198146, 1787184, 7332864, 16850064>
,
<3, 4, 15, 8, 24, 48, 20, 105, 60, 204, 120, 432, 940, 156, 963, 552, 324, 2052,
1188, 4512, 2600, 10020, 22400, 1536, 10233, 888, 5832, 3348, 22680, 12936, 
7408, 50832, 28920, 114480, 64960, 258720, 586404, 2508, 16848, 117430, 9612, 
66384, 37656, 264974, 21416, 149616, 84672, 600702, 338520, 191180, 1365620, 
768180, 3111682, 1747368, 7104384, 16249464>
,
<2, 3, 8, 4, 12, 24, 10, 45, 26, 81, 48, 164, 350, 62, 349, 202, 122, 707, 416, 
1510, 880, 3290, 7280, 534, 3372, 312, 1932, 1120, 7299, 4186, 2420, 16146, 
9220, 36096, 20510, 81312, 184338, 852, 5456, 37405, 3130, 21120, 11994, 83812, 
6838, 47220, 26704, 189610, 106466, 60002, 431478, 241542, 986356, 550620, 
2263212, 5209512>
,
<5, 9, 35, 20, 69, 147, 50, 299, 174, 635, 372, 1391, 3090, 458, 2995, 1720, 
998, 6627, 3810, 14865, 8520, 33570, 76195, 4824, 33535, 2760, 18976, 10790, 
75915, 42896, 24340, 172929, 97500, 395438, 222460, 906927, 2085174, 7890, 
55660, 404045, 31378, 225884, 126664, 926735, 71240, 517272, 289492, 2132441, 
1188232, 663798, 4918278, 2736202, 11365473, 6313608, 26307750, 60984462>
,
<3, 5, 19, 10, 35, 75, 26, 153, 88, 319, 186, 697, 1550, 230, 1507, 862, 502, 
3317, 1908, 7437, 4260, 16790, 38115, 2416, 16793, 1380, 9494, 5398, 37967, 
21454, 12180, 86475, 48760, 197734, 111230, 453481, 1042650, 3954, 27840, 
202093, 15698, 112958, 63344, 463393, 35620, 258654, 144756, 1066249, 594136, 
331934, 2459174, 1368136, 5682789, 3156804, 13153938, 30492462>
,
<3, 5, 17, 10, 31, 63, 24, 125, 74, 253, 150, 537, 1170, 186, 1137, 660, 388, 
2449, 1422, 5395, 3120, 12030, 27055, 1796, 12013, 1038, 6848, 3926, 26813, 
15252, 8720, 60471, 34300, 137254, 77630, 312977, 716310, 2892, 19716, 140051, 
11190, 78664, 44344, 318889, 25088, 178728, 100492, 729807, 408136, 228944, 
1676190, 935494, 3860535, 2150568, 8911854, 20613054>
,
<3, 5, 17, 10, 31, 63, 24, 123, 74, 249, 150, 525, 1130, 184, 1091, 642, 384, 
2335, 1374, 5095, 2980, 11230, 24955, 1718, 11113, 1008, 6412, 3724, 24571, 
14138, 8180, 54837, 31440, 123130, 70350, 277809, 629370, 2754, 18090, 124451, 
10398, 70646, 40270, 280609, 23044, 158868, 90260, 635941, 359060, 203420, 
1446754, 814842, 3301935, 1855476, 7556934, 17337474>
,
<3, 5, 17, 10, 31, 63, 24, 123, 74, 249, 150, 525, 1130, 184, 1089, 642, 384, 
2331, 1374, 5083, 2980, 11190, 24815, 1716, 11043, 1008, 6390, 3720, 24393, 
14078, 8168, 54345, 31260, 121730, 69790, 273805, 618030, 2748, 17964, 122491, 
10356, 69810, 39940, 275519, 22936, 156642, 89352, 622479, 353020, 200840, 
1410950, 798350, 3206791, 1810620, 7305354, 16676814>
,
<2, 3, 11, 5, 18, 39, 14, 80, 45, 161, 93, 350, 780, 116, 763, 433, 254, 1662, 
957, 3723, 2130, 8400, 19075, 1212, 8422, 690, 4753, 2702, 18993, 10733, 6100, 
43248, 24390, 98882, 55615, 226758, 521388, 1986, 13930, 101117, 7858, 56495, 
31684, 231722, 17810, 129345, 72388, 533153, 297088, 166002, 1229622, 684103, 
2841447, 1578402, 6577032, 15246462>
,
<2, 3, 10, 5, 16, 33, 13, 66, 38, 128, 75, 270, 590, 94, 578, 332, 197, 1228, 
714, 2702, 1560, 6020, 13545, 902, 6032, 519, 3430, 1966, 13416, 7632, 4370, 
30246, 17160, 68642, 38815, 156506, 358218, 1455, 9868, 70096, 5604, 39348, 
22184, 159470, 12544, 89382, 50256, 364932, 204088, 114507, 838130, 467782, 
1930320, 1075284, 4455990, 10306758>
,
<2, 3, 10, 5, 16, 33, 13, 65, 38, 126, 75, 264, 570, 93, 555, 323, 195, 1171, 
690, 2552, 1490, 5620, 12495, 863, 5582, 504, 3212, 1865, 12295, 7075, 4100, 
27429, 15730, 61580, 35175, 138922, 314748, 1386, 9055, 62296, 5208, 35339, 
20147, 140330, 11522, 79452, 45140, 317999, 179550, 101745, 723412, 407456, 
1651020, 927738, 3778530, 8668968>
,
<2, 3, 10, 5, 16, 33, 13, 65, 38, 126, 75, 264, 570, 93, 554, 323, 195, 1169, 
690, 2546, 1490, 5600, 12425, 862, 5547, 504, 3201, 1863, 12206, 7045, 4094, 
27183, 15640, 60880, 34895, 136920, 309078, 1383, 8992, 61316, 5187, 34921, 
19982, 137785, 11468, 78339, 44686, 311268, 176530, 100455, 705510, 399210, 
1603448, 905310, 3652740, 8338638>
,
<2, 3, 9, 5, 14, 27, 12, 52, 31, 95, 57, 190, 400, 72, 393, 231, 140, 794, 471, 
1681, 990, 3640, 8015, 592, 3642, 348, 2107, 1230, 7839, 4531, 2640, 17244, 
9930, 38402, 22015, 86254, 195048, 924, 5806, 39075, 3350, 22201, 12684, 87218, 
7278, 49419, 28124, 196711, 111088, 63012, 446638, 251461, 1019193, 572166, 
2334948, 5367054>
,
<2, 3, 9, 5, 14, 27, 12, 51, 31, 93, 57, 184, 380, 71, 370, 222, 138, 737, 447, 
1531, 920, 3240, 6965, 553, 3192, 333, 1889, 1129, 6718, 3974, 2370, 14427, 
8500, 31340, 18375, 68670, 151578, 855, 4993, 31275, 2954, 18192, 10647, 68078, 
6256, 39489, 23008, 149778, 86550, 50250, 331920, 191135, 739893, 424620, 
1657488, 3729264>
,
<2, 5, 18, 9, 34, 75, 27, 149, 88, 318, 183, 694, 1550, 227, 1498, 859, 505, 
3313, 1908, 7434, 4250, 16780, 38115, 2414, 16767, 1368, 9489, 5389, 37958, 
21445, 12190, 86463, 48760, 197724, 111195, 453446, 1042650, 3969, 27828, 
202023, 15701, 112941, 63338, 463367, 35580, 258639, 144726, 1066222, 594106, 
331969, 2459134, 1368136, 5682754, 3156678, 13153812, 30492462>
,
<2, 3, 12, 5, 18, 39, 15, 83, 46, 162, 93, 350, 780, 117, 774, 435, 257, 1665, 
960, 3726, 2130, 8400, 19075, 1218, 8457, 690, 4761, 2705, 19004, 10739, 6110, 
43257, 24400, 98892, 55615, 226758, 521388, 2001, 13946, 101229, 7873, 56519, 
31702, 231757, 17810, 129369, 72398, 533186, 297108, 166037, 1229652, 684138, 
2841482, 1578402, 6577032, 15246462>
,
<2, 3, 10, 5, 16, 33, 13, 65, 38, 128, 75, 270, 590, 93, 574, 331, 197, 1227, 
714, 2702, 1560, 6020, 13545, 900, 6017, 516, 3427, 1963, 13412, 7629, 4370, 
30243, 17160, 68642, 38815, 156506, 358218, 1455, 9860, 70047, 5601, 39337, 
22178, 159455, 12534, 89373, 50246, 364920, 204078, 114507, 838120, 467782, 
1930320, 1075284, 4455990, 10306758>
,
<2, 3, 10, 5, 16, 33, 13, 65, 38, 126, 75, 264, 570, 93, 556, 323, 195, 1171, 
690, 2552, 1490, 5620, 12495, 864, 5587, 504, 3213, 1865, 12296, 7075, 4100, 
27429, 15730, 61580, 35175, 138922, 314748, 1389, 9058, 62317, 5211, 35343, 
20150, 140335, 11522, 79455, 45140, 318002, 179550, 101745, 723412, 407456, 
1651020, 927738, 3778530, 8668968>
,
<2, 3, 10, 5, 16, 33, 13, 65, 38, 126, 75, 264, 570, 93, 554, 323, 195, 1169, 
690, 2546, 1490, 5600, 12425, 862, 5547, 504, 3201, 1863, 12206, 7045, 4094, 
27183, 15640, 60880, 34895, 136920, 309078, 1383, 8992, 61317, 5187, 34921, 
19982, 137785, 11468, 78339, 44686, 311268, 176530, 100455, 705510, 399210, 
1603448, 905310, 3652740, 8338638>
,
<2, 2, 9, 3, 10, 21, 9, 50, 25, 84, 48, 178, 395, 62, 412, 223, 133, 841, 486, 
1872, 1070, 4210, 9555, 620, 4302, 351, 2397, 1363, 9527, 5386, 3070, 21654, 
12220, 49476, 27825, 113414, 260757, 1017, 7005, 50832, 3959, 28308, 15884, 
115952, 8925, 64734, 36234, 266668, 148609, 83071, 614911, 342139, 1420846, 
789264, 3288642, 7623462>
,
<2, 2, 8, 3, 9, 18, 8, 41, 21, 67, 39, 138, 300, 50, 312, 171, 103, 622, 363, 
1360, 785, 3020, 6790, 461, 3082, 264, 1730, 992, 6731, 3831, 2200, 15147, 8600,
34351, 19425, 78288, 179172, 744, 4962, 35241, 2823, 19717, 11122, 79801, 6287, 
44736, 25158, 182535, 102094, 57306, 419145, 233961, 965265, 537705, 2228121, 
5153610>
,
<2, 2, 8, 3, 9, 18, 8, 41, 21, 66, 39, 135, 290, 50, 303, 167, 102, 594, 351, 
1285, 750, 2820, 6265, 443, 2867, 258, 1623, 943, 6173, 3554, 2065, 13740, 7885,
30820, 17605, 69496, 157437, 711, 4561, 31376, 2628, 17720, 10108, 70241, 5781, 
39777, 22605, 159076, 89830, 50925, 361791, 203798, 825615, 463932, 1889391, 
4334715>
,
<2, 2, 8, 3, 9, 18, 8, 41, 21, 66, 39, 135, 290, 50, 302, 167, 102, 593, 351, 
1282, 750, 2810, 6230, 442, 2847, 258, 1617, 942, 6128, 3539, 2062, 13617, 7840,
30470, 17465, 68495, 154602, 708, 4528, 30876, 2616, 17509, 10024, 68966, 5754, 
39219, 22378, 155709, 88320, 50280, 352840, 199675, 801829, 452718, 1826496, 
4169550>
,
<2, 2, 7, 3, 8, 15, 7, 32, 17, 50, 30, 98, 205, 38, 212, 119, 73, 403, 240, 848,
500, 1830, 4025, 302, 1862, 177, 1063, 621, 3935, 2276, 1330, 8640, 4980, 19226,
11025, 43162, 97587, 471, 2919, 19650, 1687, 11126, 6360, 43650, 3649, 24738, 
14082, 98402, 55579, 31541, 223379, 125783, 509684, 286146, 1167600, 2683758>
,
<2, 2, 7, 3, 8, 15, 7, 32, 17, 49, 30, 95, 195, 38, 203, 115, 72, 375, 228, 773,
465, 1630, 3500, 284, 1647, 171, 956, 572, 3377, 1999, 1195, 7233, 4265, 15695, 
9205, 34370, 75852, 438, 2518, 15785, 1492, 9129, 5346, 34090, 3143, 19779, 
11529, 74943, 43315, 25160, 166025, 95620, 370034, 212373, 828870, 1864863>
,
<4, 5, 22, 11, 36, 75, 27, 163, 90, 322, 189, 700, 1550, 235, 1538, 869, 505, 
3327, 1914, 7446, 4270, 16800, 38115, 2430, 16889, 1392, 9515, 5413, 37998, 
21475, 12190, 86505, 48780, 197764, 111265, 453516, 1042650, 3969, 27884, 
202387, 15725, 113023, 63386, 463489, 35660, 258717, 144806, 1066342, 594206, 
331969, 2459274, 1368206, 5682894, 3156930, 13154064, 30492462>
,
<2, 3, 10, 5, 18, 39, 13, 77, 44, 160, 93, 350, 780, 115, 754, 431, 251, 1659, 
954, 3720, 2130, 8400, 19075, 1208, 8397, 690, 4747, 2699, 18984, 10727, 6090, 
43239, 24380, 98872, 55615, 226758, 521388, 1977, 13920, 101047, 7849, 56479, 
31672, 231697, 17810, 129327, 72378, 533126, 297068, 165967, 1229592, 684068, 
2841412, 1578402, 6577032, 15246462>
,
<2, 3, 10, 5, 16, 33, 13, 67, 38, 128, 75, 270, 590, 95, 582, 333, 197, 1229, 
714, 2702, 1560, 6020, 13545, 904, 6047, 522, 3433, 1969, 13420, 7635, 4370, 
30249, 17160, 68642, 38815, 156506, 358218, 1455, 9876, 70147, 5607, 39359, 
22190, 159485, 12554, 89391, 50266, 364944, 204098, 114507, 838140, 467782, 
1930320, 1075284, 4455990, 10306758>
,
<3, 3, 14, 6, 19, 39, 15, 90, 47, 164, 96, 353, 780, 121, 794, 440, 257, 1672, 
963, 3732, 2140, 8410, 19075, 1226, 8518, 702, 4774, 2717, 19024, 10754, 6110, 
43278, 24410, 98912, 55650, 226793, 521388, 2001, 13974, 101411, 7885, 56560, 
31726, 231818, 17850, 129408, 72438, 533246, 297158, 166037, 1229722, 684173, 
2841552, 1578528, 6577158, 15246462>
,
<2, 2, 8, 3, 10, 21, 8, 47, 24, 83, 48, 178, 395, 61, 402, 221, 130, 838, 483, 
1869, 1070, 4210, 9555, 615, 4272, 351, 2390, 1360, 9517, 5380, 3060, 21645, 
12210, 49466, 27825, 113414, 260757, 1005, 6992, 50741, 3947, 28288, 15869, 
115922, 8925, 64713, 36224, 266638, 148589, 83036, 614881, 342104, 1420811, 
789264, 3288642, 7623462>
,
<2, 2, 8, 3, 9, 18, 8, 42, 21, 67, 39, 138, 300, 51, 316, 172, 103, 623, 363, 
1360, 785, 3020, 6790, 463, 3097, 267, 1733, 995, 6735, 3834, 2200, 15150, 8600,
34351, 19425, 78288, 179172, 744, 4970, 35291, 2826, 19728, 11128, 79816, 6297, 
44745, 25168, 182547, 102104, 57306, 419155, 233961, 965265, 537705, 2228121, 
5153610>
,
<3, 3, 13, 6, 17, 33, 14, 76, 40, 131, 78, 273, 590, 99, 609, 339, 200, 1238, 
720, 2711, 1570, 6030, 13545, 916, 6128, 531, 3451, 1981, 13447, 7653, 4380, 
30276, 17180, 68672, 38850, 156541, 358218, 1470, 9912, 70390, 5631, 39413, 
22226, 159566, 12584, 89445, 50306, 365025, 204158, 114542, 838230, 467852, 
1930425, 1075410, 4456116, 10306758>
,
<3, 3, 13, 6, 17, 33, 14, 75, 40, 129, 78, 267, 570, 98, 586, 330, 198, 1181, 
696, 2561, 1500, 5630, 12495, 877, 5678, 516, 3233, 1880, 12326, 7096, 4110, 
27459, 15750, 61610, 35210, 138957, 314748, 1401, 9099, 62590, 5235, 35404, 
20189, 140426, 11562, 79515, 45190, 318092, 179620, 101780, 723512, 407526, 
1651125, 927864, 3778656, 8668968>
,
<3, 3, 13, 6, 17, 33, 14, 75, 40, 129, 78, 267, 570, 98, 585, 330, 198, 1179, 
696, 2555, 1500, 5610, 12425, 876, 5643, 516, 3222, 1878, 12237, 7066, 4104, 
27213, 15660, 60910, 34930, 136955, 309078, 1398, 9036, 61610, 5214, 34986, 
20024, 137881, 11508, 78402, 44736, 311361, 176600, 100490, 705610, 399280, 
1603553, 905436, 3652866, 8338638>
,
<2, 2, 7, 3, 8, 15, 7, 33, 17, 50, 30, 98, 205, 39, 217, 120, 73, 404, 240, 848,
500, 1830, 4025, 305, 1882, 180, 1067, 624, 3940, 2279, 1330, 8643, 4980, 19226,
11025, 43162, 97587, 474, 2930, 19720, 1693, 11141, 6369, 43670, 3659, 24750, 
14092, 98417, 55589, 31541, 223389, 125783, 509684, 286146, 1167600, 2683758>
,
<3, 5, 23, 12, 45, 99, 34, 225, 126, 487, 276, 1087, 2450, 362, 2539, 1424, 806,
5695, 3202, 12913, 7240, 29410, 67235, 4232, 30673, 2376, 17112, 9574, 69951, 
38992, 21780, 160257, 89180, 368174, 204540, 847791, 1956150, 7122, 51932, 
385793, 28946, 213956, 118856, 888095, 66120, 491928, 272852, 2049449, 1133704, 
627958, 4738374, 2617930, 10973025, 6055560, 25447590, 59092110>
,
<3, 5, 17, 10, 31, 63, 26, 135, 80, 279, 162, 597, 1310, 214, 1367, 782, 454, 
3001, 1708, 6693, 3780, 15070, 34195, 2256, 15773, 1284, 8862, 4998, 35663, 
19966, 11220, 81195, 45320, 185750, 103390, 426489, 982170, 3762, 26576, 194891,
14898, 108350, 60368, 447189, 33700, 248094, 137876, 1029629, 570168, 316254, 
2376862, 1314152, 5498549, 3035844, 12742674, 29575854>
,
<3, 5, 17, 10, 31, 63, 24, 123, 74, 249, 150, 525, 1130, 186, 1113, 652, 388, 
2393, 1398, 5243, 3040, 11610, 25935, 1780, 11783, 1038, 6736, 3878, 26257, 
14948, 8560, 59043, 33460, 133590, 75390, 303765, 693630, 2892, 19492, 138071, 
11094, 77552, 43736, 314089, 24768, 175872, 98812, 717903, 400808, 224464, 
1646838, 917070, 3789135, 2105208, 8740494, 20206494>
,
<2, 3, 13, 6, 23, 51, 18, 116, 64, 245, 138, 545, 1230, 182, 1279, 714, 406, 
2851, 1604, 6461, 3620, 14710, 33635, 2120, 15362, 1188, 8562, 4790, 34985, 
19502, 10900, 80139, 44600, 184102, 102270, 423913, 978138, 3570, 25976, 192967,
14482, 106994, 59440, 444073, 33060, 245982, 136436, 1024753, 566872, 314014, 
2369222, 1309000, 5486565, 3027780, 12723858, 29546286>
,
<2, 3, 12, 6, 21, 45, 16, 96, 54, 197, 114, 429, 950, 146, 968, 548, 316, 2115, 
1206, 4721, 2680, 10620, 24045, 1572, 10992, 894, 6180, 3494, 24741, 13904, 
7840, 56163, 31480, 128082, 71610, 293181, 673218, 2604, 18380, 133706, 10326, 
74520, 41648, 305701, 23328, 170112, 94852, 701835, 389792, 216904, 1615914, 
895902, 3729411, 2064384, 8624826, 19981962>
,
<2, 3, 12, 6, 21, 45, 16, 95, 54, 195, 114, 423, 930, 144, 933, 534, 312, 2027, 
1170, 4491, 2580, 10010, 22435, 1502, 10192, 864, 5796, 3316, 22741, 12930, 
7380, 51141, 29000, 115490, 65310, 261737, 595098, 2466, 16858, 118926, 9582, 
66986, 37854, 269391, 21444, 151476, 85380, 612755, 343780, 193340, 1397958, 
782698, 3197831, 1786932, 7332486, 16849602>
,
<2, 3, 10, 5, 16, 33, 14, 71, 41, 141, 81, 300, 660, 108, 693, 393, 230, 1504, 
857, 3351, 1890, 7540, 17115, 1132, 7912, 642, 4437, 2502, 17841, 9989, 5620, 
40608, 22670, 92890, 51695, 213262, 491148, 1890, 13298, 97516, 7458, 54191, 
30196, 223620, 16850, 124065, 68948, 514843, 285104, 158162, 1188466, 657111, 
2749327, 1517922, 6371400, 14788158>
,
<2, 3, 10, 5, 16, 33, 13, 65, 38, 126, 75, 264, 570, 94, 566, 328, 197, 1200, 
702, 2626, 1520, 5810, 12985, 894, 5917, 519, 3374, 1942, 13138, 7480, 4290, 
29532, 16740, 66810, 37695, 151900, 346878, 1455, 9756, 69106, 5556, 38792, 
21880, 157070, 12384, 87954, 49416, 358980, 200424, 112267, 823454, 458570, 
1894620, 1052604, 4370310, 10103478>
,
<2, 3, 12, 6, 21, 45, 16, 95, 54, 195, 114, 423, 930, 144, 932, 534, 312, 2025, 
1170, 4485, 2580, 9990, 22365, 1500, 10137, 864, 5778, 3312, 22599, 12882, 7368,
50751, 28860, 114390, 64890, 258615, 586278, 2460, 16740, 117136, 9540, 66222, 
37548, 264731, 21336, 149454, 84552, 600459, 338340, 191040, 1365350, 767970, 
3111367, 1747116, 7104006, 16249002>
,
<2, 3, 9, 5, 14, 27, 12, 51, 31, 93, 57, 184, 380, 72, 382, 227, 140, 768, 459, 
1611, 950, 3450, 7525, 584, 3542, 348, 2055, 1206, 7597, 4391, 2560, 16632, 
9550, 36870, 21035, 82530, 186228, 924, 5702, 38255, 3302, 21717, 12404, 85248, 
7118, 48195, 27364, 191925, 108024, 61052, 435158, 244013, 992173, 554526, 
2272368, 5223834>
,
<2, 5, 22, 12, 45, 99, 34, 221, 126, 487, 276, 1087, 2450, 362, 2530, 1424, 806,
5695, 3202, 12913, 7240, 29410, 67235, 4232, 30647, 2376, 17112, 9574, 69951, 
38992, 21780, 160257, 89180, 368174, 204540, 847791, 1956150, 7122, 51932, 
385723, 28946, 213956, 118856, 888095, 66120, 491928, 272852, 2049449, 1133704, 
627958, 4738374, 2617930, 10973025, 6055560, 25447590, 59092110>
,
<2, 3, 14, 6, 23, 51, 18, 119, 64, 245, 138, 545, 1230, 182, 1290, 714, 406, 
2851, 1604, 6461, 3620, 14710, 33635, 2120, 15397, 1188, 8562, 4790, 34985, 
19502, 10900, 80139, 44600, 184102, 102270, 423913, 978138, 3570, 25976, 193079,
14482, 106994, 59440, 444073, 33060, 245982, 136436, 1024753, 566872, 314014, 
2369222, 1309000, 5486565, 3027780, 12723858, 29546286>
,
<2, 3, 14, 7, 24, 51, 19, 119, 66, 248, 141, 548, 1230, 187, 1290, 721, 409, 
2861, 1610, 6470, 3630, 14720, 33635, 2134, 15397, 1200, 8583, 4805, 35016, 
19523, 10910, 80169, 44620, 184132, 102305, 423948, 978138, 3585, 26020, 193079,
14509, 107059, 59482, 444169, 33100, 246045, 136486, 1024846, 566942, 314049, 
2369322, 1309070, 5486670, 3027906, 12723984, 29546286>
,
<2, 3, 14, 5, 22, 51, 19, 119, 64, 244, 135, 542, 1230, 179, 1290, 711, 409, 
2847, 1604, 6458, 3610, 14700, 33635, 2118, 15397, 1176, 8557, 4781, 34976, 
19493, 10910, 80127, 44600, 184092, 102235, 423878, 978138, 3585, 25964, 193079,
14485, 106977, 59434, 444047, 33020, 245967, 136406, 1024726, 566842, 314049, 
2369182, 1309000, 5486530, 3027654, 12723732, 29546286>
,
<2, 3, 12, 6, 21, 45, 16, 95, 54, 197, 114, 429, 950, 146, 964, 548, 316, 2115, 
1206, 4721, 2680, 10620, 24045, 1572, 10977, 894, 6180, 3494, 24741, 13904, 
7840, 56163, 31480, 128082, 71610, 293181, 673218, 2604, 18380, 133657, 10326, 
74520, 41648, 305701, 23328, 170112, 94852, 701835, 389792, 216904, 1615914, 
895902, 3729411, 2064384, 8624826, 19981962>
,
<2, 3, 12, 6, 21, 45, 16, 95, 54, 195, 114, 423, 930, 144, 934, 534, 312, 2027, 
1170, 4491, 2580, 10010, 22435, 1502, 10197, 864, 5796, 3316, 22741, 12930, 
7380, 51141, 29000, 115490, 65310, 261737, 595098, 2466, 16858, 118947, 9582, 
66986, 37854, 269391, 21444, 151476, 85380, 612755, 343780, 193340, 1397958, 
782698, 3197831, 1786932, 7332486, 16849602>
,
<2, 3, 10, 5, 16, 33, 13, 71, 40, 140, 81, 300, 660, 107, 694, 391, 227, 1501, 
854, 3348, 1890, 7540, 17115, 1128, 7917, 642, 4431, 2499, 17832, 9983, 5610, 
40599, 22660, 92880, 51695, 213262, 491148, 1881, 13288, 97537, 7449, 54175, 
30184, 223595, 16850, 124047, 68938, 514816, 285084, 158127, 1188436, 657076, 
2749292, 1517922, 6371400, 14788158>
,
<2, 3, 10, 5, 16, 33, 15, 71, 42, 142, 81, 300, 660, 109, 694, 395, 233, 1507, 
860, 3354, 1890, 7540, 17115, 1138, 7917, 642, 4445, 2505, 17852, 9995, 5630, 
40617, 22680, 92900, 51695, 213262, 491148, 1905, 13314, 97537, 7473, 54215, 
30214, 223655, 16850, 124089, 68958, 514876, 285124, 158197, 1188496, 657146, 
2749362, 1517922, 6371400, 14788158>
,
<2, 3, 10, 5, 16, 33, 13, 65, 38, 126, 75, 264, 570, 95, 566, 329, 197, 1201, 
702, 2626, 1520, 5810, 12985, 896, 5917, 522, 3377, 1945, 13142, 7483, 4290, 
29535, 16740, 66810, 37695, 151900, 346878, 1455, 9764, 69107, 5559, 38803, 
21886, 157085, 12394, 87963, 49426, 358992, 200434, 112267, 823464, 458570, 
1894620, 1052604, 4370310, 10103478>
,
<2, 3, 10, 5, 16, 33, 13, 65, 38, 126, 75, 264, 570, 93, 566, 327, 197, 1199, 
702, 2626, 1520, 5810, 12985, 892, 5917, 516, 3371, 1939, 13134, 7477, 4290, 
29529, 16740, 66810, 37695, 151900, 346878, 1455, 9748, 69107, 5553, 38781, 
21874, 157055, 12374, 87945, 49406, 358968, 200414, 112267, 823444, 458570, 
1894620, 1052604, 4370310, 10103478>
,
<2, 3, 12, 6, 21, 45, 16, 95, 54, 195, 114, 423, 930, 144, 932, 534, 312, 2025, 
1170, 4485, 2580, 9990, 22365, 1500, 10137, 864, 5778, 3312, 22599, 12882, 7368,
50751, 28860, 114390, 64890, 258615, 586278, 2460, 16740, 117137, 9540, 66222, 
37548, 264731, 21336, 149454, 84552, 600459, 338340, 191040, 1365350, 767970, 
3111367, 1747116, 7104006, 16249002>
,
<2, 2, 10, 3, 12, 27, 10, 68, 33, 124, 69, 274, 620, 92, 670, 359, 206, 1429, 
805, 3235, 1810, 7360, 16835, 1064, 7772, 594, 4287, 2398, 17502, 9757, 5460, 
40080, 22310, 92066, 51135, 211974, 489132, 1794, 12998, 96757, 7250, 53513, 
29732, 222062, 16530, 123009, 68228, 512405, 283456, 157042, 1184646, 654535, 
2743335, 1513890, 6361992, 14773374>
,
<2, 2, 10, 4, 13, 27, 11, 68, 35, 127, 72, 277, 620, 97, 670, 366, 209, 1439, 
811, 3244, 1820, 7370, 16835, 1078, 7772, 606, 4308, 2413, 17533, 9778, 5470, 
40110, 22330, 92096, 51170, 212009, 489132, 1809, 13042, 96757, 7277, 53578, 
29774, 222158, 16570, 123072, 68278, 512498, 283526, 157077, 1184746, 654605, 
2743440, 1514016, 6362118, 14773374>
,
<2, 2, 10, 3, 12, 27, 11, 68, 34, 125, 69, 274, 620, 93, 670, 361, 209, 1432, 
808, 3238, 1810, 7360, 16835, 1070, 7772, 594, 4295, 2401, 17513, 9763, 5470, 
40089, 22320, 92076, 51135, 211974, 489132, 1809, 13014, 96757, 7265, 53537, 
29750, 222097, 16530, 123033, 68238, 512438, 283476, 157077, 1184676, 654570, 
2743370, 1513890, 6361992, 14773374>
,
<2, 2, 9, 4, 12, 24, 10, 56, 30, 103, 60, 219, 480, 79, 507, 283, 164, 1071, 
612, 2374, 1350, 5325, 12040, 804, 5562, 459, 3117, 1765, 12411, 6979, 3940, 
28122, 15770, 64086, 35840, 146643, 336672, 1326, 9244, 67046, 5199, 37341, 
20878, 152972, 11704, 85137, 47486, 351039, 194986, 108522, 808092, 448056, 
1864863, 1032318, 4312602, 9991212>
,
<2, 2, 9, 3, 11, 24, 9, 56, 28, 100, 57, 216, 480, 73, 507, 275, 161, 1060, 606,
2365, 1340, 5315, 12040, 788, 5562, 444, 3093, 1747, 12376, 6955, 3930, 28089, 
15750, 64056, 35805, 146608, 336672, 1311, 9192, 67046, 5169, 37265, 20830, 
152861, 11654, 85065, 47426, 350934, 194906, 108487, 807982, 447986, 1864758, 
1032192, 4312476, 9991212>
,
<2, 2, 9, 3, 11, 24, 9, 56, 28, 100, 57, 216, 480, 74, 507, 276, 161, 1061, 606,
2365, 1340, 5315, 12040, 790, 5562, 447, 3096, 1750, 12380, 6958, 3930, 28092, 
15750, 64056, 35805, 146608, 336672, 1311, 9200, 67046, 5172, 37276, 20836, 
152876, 11664, 85074, 47436, 350946, 194916, 108487, 807992, 447986, 1864758, 
1032192, 4312476, 9991212>
,
<2, 2, 9, 3, 11, 24, 9, 56, 28, 99, 57, 213, 470, 73, 492, 269, 159, 1017, 588, 
2250, 1290, 5010, 11235, 755, 5172, 432, 2904, 1661, 11380, 6471, 3700, 25581, 
14510, 57760, 32655, 130886, 297612, 1242, 8439, 59691, 4800, 33509, 18939, 
134721, 10722, 75756, 42700, 306406, 171910, 96705, 699014, 391384, 1598968, 
893466, 3666306, 8425032>
,
<2, 2, 8, 3, 9, 18, 8, 44, 22, 73, 42, 153, 335, 57, 372, 201, 118, 759, 433, 
1683, 950, 3780, 8575, 575, 4032, 327, 2232, 1260, 8941, 5008, 2820, 20325, 
11350, 46470, 25865, 106666, 245637, 957, 6676, 48986, 3747, 27136, 15125, 
111871, 8445, 62073, 34504, 257483, 142597, 79116, 594303, 328608, 1374751, 
759024, 3185826, 7394310>
,
<2, 2, 9, 4, 12, 24, 10, 56, 30, 102, 60, 216, 470, 78, 492, 276, 162, 1027, 
594, 2259, 1300, 5020, 11235, 769, 5172, 444, 2925, 1676, 11411, 6492, 3710, 
25611, 14530, 57790, 32690, 130921, 297612, 1257, 8483, 59691, 4827, 33574, 
18981, 134817, 10762, 75819, 42750, 306499, 171980, 96740, 699114, 391454, 
1599073, 893592, 3666432, 8425032>
,
<2, 2, 9, 3, 11, 24, 9, 56, 28, 99, 57, 213, 470, 73, 492, 269, 159, 1017, 588, 
2250, 1290, 5010, 11235, 756, 5172, 432, 2905, 1661, 11381, 6471, 3700, 25581, 
14510, 57760, 32655, 130886, 297612, 1245, 8442, 59691, 4803, 33513, 18942, 
134726, 10722, 75759, 42700, 306409, 171910, 96705, 699014, 391384, 1598968, 
893466, 3666306, 8425032>
,
<2, 2, 8, 3, 9, 18, 9, 44, 23, 74, 42, 153, 335, 58, 372, 203, 121, 762, 436, 
1686, 950, 3780, 8575, 580, 4032, 327, 2239, 1263, 8951, 5014, 2830, 20334, 
11360, 46480, 25865, 106666, 245637, 969, 6689, 48986, 3759, 27156, 15140, 
111901, 8445, 62094, 34514, 257513, 142617, 79151, 594333, 328643, 1374786, 
759024, 3185826, 7394310>
,
<2, 2, 9, 3, 11, 24, 9, 56, 28, 99, 57, 213, 470, 73, 491, 269, 159, 1016, 588, 
2247, 1290, 5000, 11200, 754, 5142, 432, 2895, 1659, 11309, 6447, 3694, 25386, 
14440, 57210, 32445, 129325, 293202, 1239, 8380, 58786, 4779, 33127, 18786, 
132391, 10668, 74745, 42286, 300258, 169190, 95555, 682710, 384020, 1555736, 
873558, 3552066, 8124732>
,
<2, 2, 9, 4, 12, 24, 10, 56, 30, 102, 60, 216, 470, 78, 491, 276, 162, 1026, 
594, 2256, 1300, 5010, 11200, 768, 5142, 444, 2916, 1674, 11340, 6468, 3704, 
25416, 14460, 57240, 32480, 129360, 293202, 1254, 8424, 58786, 4806, 33192, 
18828, 132487, 10708, 74808, 42336, 300351, 169260, 95590, 682810, 384090, 
1555841, 873684, 3552192, 8124732>
,
<2, 2, 8, 3, 9, 18, 8, 41, 21, 66, 39, 135, 290, 51, 308, 170, 103, 609, 357, 
1322, 765, 2915, 6510, 459, 3032, 267, 1705, 983, 6596, 3758, 2160, 14793, 8390,
33435, 18865, 75985, 173502, 744, 4914, 34771, 2802, 19450, 10976, 78616, 6217, 
44031, 24748, 179571, 100272, 56186, 411817, 229355, 947415, 526365, 2185281, 
5051970>
,
<2, 2, 9, 3, 11, 24, 9, 56, 28, 99, 57, 213, 470, 73, 491, 269, 159, 1016, 588, 
2247, 1290, 5000, 11200, 754, 5142, 432, 2895, 1659, 11309, 6447, 3694, 25386, 
14440, 57210, 32445, 129325, 293202, 1239, 8380, 58786, 4779, 33127, 18786, 
132391, 10668, 74745, 42286, 300258, 169190, 95555, 682710, 384020, 1555736, 
873558, 3552066, 8124732>
,
<2, 2, 8, 3, 9, 18, 8, 41, 21, 66, 39, 135, 290, 50, 308, 169, 103, 608, 357, 
1322, 765, 2915, 6510, 457, 3032, 264, 1702, 980, 6592, 3755, 2160, 14790, 8390,
33435, 18865, 75985, 173502, 744, 4906, 34771, 2799, 19439, 10970, 78601, 6207, 
44022, 24738, 179559, 100262, 56186, 411807, 229355, 947415, 526365, 2185281, 
5051970>
,
<2, 2, 8, 3, 10, 21, 8, 44, 23, 76, 45, 158, 340, 56, 344, 193, 116, 693, 407, 
1495, 870, 3270, 7245, 516, 3352, 300, 1905, 1102, 7258, 4159, 2400, 16104, 
9190, 36046, 20475, 81242, 184212, 828, 5402, 37335, 3094, 21039, 11940, 83690, 
6798, 47139, 26644, 189487, 106376, 59932, 431338, 241437, 986181, 550494, 
2262960, 5209050>
,
<2, 2, 7, 3, 8, 15, 7, 32, 17, 49, 30, 95, 195, 38, 209, 117, 73, 390, 234, 813,
480, 1735, 3780, 298, 1822, 177, 1037, 609, 3814, 2206, 1290, 8334, 4790, 18460,
10535, 41300, 93177, 471, 2867, 19275, 1663, 10884, 6220, 42665, 3569, 24126, 
13702, 96009, 54047, 30561, 217639, 122059, 496174, 277326, 1136310, 2612148>
,
<2, 2, 8, 3, 10, 21, 8, 44, 23, 75, 45, 155, 330, 55, 329, 186, 114, 649, 389, 
1380, 820, 2965, 6440, 481, 2962, 285, 1713, 1013, 6258, 3672, 2170, 13593, 
7950, 29750, 17325, 65520, 145152, 759, 4641, 29980, 2722, 17272, 10043, 65535, 
5856, 37821, 21908, 144947, 83370, 48150, 322360, 184835, 720391, 411768, 
1616790, 3642870>
,
<2, 2, 7, 3, 8, 15, 7, 32, 17, 49, 30, 95, 195, 39, 209, 118, 73, 391, 234, 813,
480, 1735, 3780, 301, 1822, 180, 1041, 612, 3819, 2209, 1290, 8337, 4790, 18460,
10535, 41300, 93177, 474, 2878, 19275, 1669, 10899, 6229, 42685, 3579, 24138, 
13712, 96024, 54057, 30561, 217649, 122059, 496174, 277326, 1136310, 2612148>
,
<4, 5, 26, 12, 45, 99, 34, 235, 126, 487, 276, 1087, 2450, 362, 2570, 1424, 806,
5695, 3202, 12913, 7240, 29410, 67235, 4232, 30769, 2376, 17112, 9574, 69951, 
38992, 21780, 160257, 89180, 368174, 204540, 847791, 1956150, 7122, 51932, 
386087, 28946, 213956, 118856, 888095, 66120, 491928, 272852, 2049449, 1133704, 
627958, 4738374, 2617930, 10973025, 6055560, 25447590, 59092110>
,
<2, 3, 12, 6, 23, 51, 18, 113, 64, 245, 138, 545, 1230, 182, 1270, 714, 406, 
2851, 1604, 6461, 3620, 14710, 33635, 2120, 15337, 1188, 8562, 4790, 34985, 
19502, 10900, 80139, 44600, 184102, 102270, 423913, 978138, 3570, 25976, 192897,
14482, 106994, 59440, 444073, 33060, 245982, 136436, 1024753, 566872, 314014, 
2369222, 1309000, 5486565, 3027780, 12723858, 29546286>
,
<2, 3, 12, 6, 21, 45, 16, 97, 54, 197, 114, 429, 950, 146, 972, 548, 316, 2115, 
1206, 4721, 2680, 10620, 24045, 1572, 11007, 894, 6180, 3494, 24741, 13904, 
7840, 56163, 31480, 128082, 71610, 293181, 673218, 2604, 18380, 133757, 10326, 
74520, 41648, 305701, 23328, 170112, 94852, 701835, 389792, 216904, 1615914, 
895902, 3729411, 2064384, 8624826, 19981962>
,
<3, 3, 16, 7, 24, 51, 19, 126, 66, 248, 141, 548, 1230, 187, 1310, 721, 409, 
2861, 1610, 6470, 3630, 14720, 33635, 2134, 15458, 1200, 8583, 4805, 35016, 
19523, 10910, 80169, 44620, 184132, 102305, 423948, 978138, 3585, 26020, 193261,
14509, 107059, 59482, 444169, 33100, 246045, 136486, 1024846, 566942, 314049, 
2369322, 1309070, 5486670, 3027906, 12723984, 29546286>
,
<3, 3, 16, 6, 23, 51, 18, 126, 64, 245, 138, 545, 1230, 182, 1310, 714, 406, 
2851, 1604, 6461, 3620, 14710, 33635, 2120, 15458, 1188, 8562, 4790, 34985, 
19502, 10900, 80139, 44600, 184102, 102270, 423913, 978138, 3570, 25976, 193261,
14482, 106994, 59440, 444073, 33060, 245982, 136436, 1024753, 566872, 314014, 
2369222, 1309000, 5486565, 3027780, 12723858, 29546286>
,
<2, 2, 9, 3, 12, 27, 9, 65, 32, 123, 69, 274, 620, 91, 660, 357, 203, 1426, 802,
3232, 1810, 7360, 16835, 1060, 7742, 594, 4281, 2395, 17493, 9751, 5450, 40071, 
22300, 92056, 51135, 211974, 489132, 1785, 12988, 96666, 7241, 53497, 29720, 
222037, 16530, 122991, 68218, 512378, 283436, 157007, 1184616, 654500, 2743300, 
1513890, 6361992, 14773374>
,
<2, 2, 9, 4, 13, 27, 11, 65, 35, 127, 72, 277, 620, 97, 660, 366, 209, 1439, 
811, 3244, 1820, 7370, 16835, 1078, 7742, 606, 4308, 2413, 17533, 9778, 5470, 
40110, 22330, 92096, 51170, 212009, 489132, 1809, 13042, 96666, 7277, 53578, 
29774, 222158, 16570, 123072, 68278, 512498, 283526, 157077, 1184746, 654605, 
2743440, 1514016, 6362118, 14773374>
,
<2, 2, 9, 3, 12, 27, 10, 65, 33, 124, 69, 274, 620, 92, 660, 359, 206, 1429, 
805, 3235, 1810, 7360, 16835, 1064, 7742, 594, 4287, 2398, 17502, 9757, 5460, 
40080, 22310, 92066, 51135, 211974, 489132, 1794, 12998, 96666, 7250, 53513, 
29732, 222062, 16530, 123009, 68228, 512405, 283456, 157042, 1184646, 654535, 
2743335, 1513890, 6361992, 14773374>
,
<2, 2, 9, 4, 12, 24, 10, 57, 30, 103, 60, 219, 480, 79, 511, 283, 164, 1071, 
612, 2374, 1350, 5325, 12040, 804, 5577, 459, 3117, 1765, 12411, 6979, 3940, 
28122, 15770, 64086, 35840, 146643, 336672, 1326, 9244, 67096, 5199, 37341, 
20878, 152972, 11704, 85137, 47486, 351039, 194986, 108522, 808092, 448056, 
1864863, 1032318, 4312602, 9991212>
,
<2, 2, 9, 3, 11, 24, 9, 57, 28, 100, 57, 216, 480, 74, 511, 276, 161, 1061, 606,
2365, 1340, 5315, 12040, 790, 5577, 447, 3096, 1750, 12380, 6958, 3930, 28092, 
15750, 64056, 35805, 146608, 336672, 1311, 9200, 67096, 5172, 37276, 20836, 
152876, 11664, 85074, 47436, 350946, 194916, 108487, 807992, 447986, 1864758, 
1032192, 4312476, 9991212>
,
<2, 2, 9, 3, 11, 24, 9, 57, 28, 100, 57, 216, 480, 75, 511, 277, 161, 1062, 606,
2365, 1340, 5315, 12040, 792, 5577, 450, 3099, 1753, 12384, 6961, 3930, 28095, 
15750, 64056, 35805, 146608, 336672, 1311, 9208, 67096, 5175, 37287, 20842, 
152891, 11674, 85083, 47446, 350958, 194926, 108487, 808002, 447986, 1864758, 
1032192, 4312476, 9991212>
,
<3, 3, 15, 6, 21, 45, 16, 106, 54, 197, 114, 429, 950, 146, 999, 548, 316, 2115,
1206, 4721, 2680, 10620, 24045, 1572, 11088, 894, 6180, 3494, 24741, 13904, 
7840, 56163, 31480, 128082, 71610, 293181, 673218, 2604, 18380, 134000, 10326, 
74520, 41648, 305701, 23328, 170112, 94852, 701835, 389792, 216904, 1615914, 
895902, 3729411, 2064384, 8624826, 19981962>
,
<3, 3, 15, 6, 21, 45, 16, 105, 54, 195, 114, 423, 930, 144, 964, 534, 312, 2027,
1170, 4491, 2580, 10010, 22435, 1502, 10288, 864, 5796, 3316, 22741, 12930, 
7380, 51141, 29000, 115490, 65310, 261737, 595098, 2466, 16858, 119220, 9582, 
66986, 37854, 269391, 21444, 151476, 85380, 612755, 343780, 193340, 1397958, 
782698, 3197831, 1786932, 7332486, 16849602>
,
<3, 3, 13, 6, 17, 33, 15, 81, 43, 144, 84, 303, 660, 113, 724, 400, 233, 1514, 
863, 3360, 1900, 7550, 17115, 1146, 8008, 654, 4458, 2517, 17872, 10010, 5630, 
40638, 22690, 92920, 51730, 213297, 491148, 1905, 13342, 97810, 7485, 54256, 
30238, 223716, 16890, 124128, 68998, 514936, 285174, 158197, 1188566, 657181, 
2749432, 1518048, 6371526, 14788158>
,
<3, 3, 13, 6, 17, 33, 14, 75, 40, 129, 78, 267, 570, 99, 597, 335, 200, 1210, 
708, 2635, 1530, 5820, 12985, 908, 6013, 531, 3395, 1957, 13169, 7501, 4300, 
29562, 16760, 66840, 37730, 151935, 346878, 1470, 9800, 69400, 5583, 38857, 
21922, 157166, 12424, 88017, 49466, 359073, 200494, 112302, 823554, 458640, 
1894725, 1052730, 4370436, 10103478>
,
<3, 3, 15, 6, 21, 45, 16, 105, 54, 195, 114, 423, 930, 144, 963, 534, 312, 2025,
1170, 4485, 2580, 9990, 22365, 1500, 10233, 864, 5778, 3312, 22599, 12882, 7368,
50751, 28860, 114390, 64890, 258615, 586278, 2460, 16740, 117430, 9540, 66222, 
37548, 264731, 21336, 149454, 84552, 600459, 338340, 191040, 1365350, 767970, 
3111367, 1747116, 7104006, 16249002>
,
<2, 2, 8, 3, 10, 21, 8, 45, 23, 76, 45, 158, 340, 56, 349, 193, 116, 693, 407, 
1495, 870, 3270, 7245, 516, 3372, 300, 1905, 1102, 7258, 4159, 2400, 16104, 
9190, 36046, 20475, 81242, 184212, 828, 5402, 37405, 3094, 21039, 11940, 83690, 
6798, 47139, 26644, 189487, 106376, 59932, 431338, 241437, 986181, 550494, 
2262960, 5209050>
];
