L:=[
<9, 18, 99, 54, 216, 486, 164, 1215, 666, 2754, 1512, 6318, 14580, 2070, 15795, 
8640, 4734, 36450, 19926, 84564, 46170, 196830, 459270, 27252, 212139, 14904, 
115668, 63126, 494262, 269244, 146772, 1154736, 628398, 2703132, 1469664, 
6337926, 14880348, 47148, 368442, 2907981, 200772, 1580958, 860058, 6814692, 
468180, 3701862, 2012040, 15995718, 8682390, 4715172, 37594530, 20391588, 
88455402, 47947788, 208324872, 491051484>
,
<5, 10, 51, 26, 108, 246, 84, 611, 334, 1378, 752, 3158, 7300, 1034, 7907, 4320,
2374, 18226, 9966, 42284, 23070, 98410, 229670, 13628, 106095, 7440, 57836, 
31558, 247134, 134620, 73412, 577368, 314210, 1351572, 734776, 3168942, 7440300,
23596, 184222, 1454061, 100396, 790482, 430034, 3407352, 234044, 1850934, 
1006000, 7997862, 4341186, 2357684, 18797262, 10195836, 44227722, 23973684, 
104162352, 245526204>
,
<5, 10, 43, 24, 90, 198, 68, 459, 256, 1014, 564, 2286, 5220, 760, 5571, 3072, 
1700, 12690, 6984, 29178, 16020, 67500, 156870, 9488, 72495, 5220, 39672, 21744,
167886, 91728, 50184, 390582, 213084, 911628, 496692, 2133054, 5000940, 16260, 
125196, 979893, 68412, 533592, 290832, 2290086, 158670, 1245636, 678078, 
5365170, 2915298, 1585260, 12592746, 6836508, 29600802, 16057440, 69666156, 
164132892>
,
<5, 10, 43, 24, 90, 198, 68, 443, 252, 974, 552, 2174, 4900, 724, 5091, 2856, 
1614, 11478, 6430, 26084, 14560, 59580, 136710, 8544, 62735, 4776, 34808, 19366,
143742, 79580, 44180, 330864, 182772, 764296, 421288, 1770846, 4113900, 14444, 
106952, 811093, 59204, 446136, 245866, 1878926, 135744, 1031614, 567364, 
4365446, 2392712, 1313604, 10167480, 5564188, 23731386, 12968592, 55493676, 
129981852>
,
<3, 6, 27, 14, 56, 126, 44, 309, 170, 694, 380, 1586, 3660, 522, 3963, 2168, 
1194, 9126, 4994, 21160, 11550, 49230, 114870, 6828, 53073, 3732, 28940, 15798, 
123602, 67340, 36732, 288732, 157146, 675852, 367444, 1584562, 3720276, 11820, 
92150, 727101, 50232, 395302, 215070, 1703772, 117068, 925550, 503072, 3999062, 
2170706, 1178940, 9398810, 5098072, 22114106, 11987052, 52081512, 122763564>
,
<5, 10, 43, 24, 90, 198, 68, 443, 252, 974, 552, 2174, 4900, 724, 5059, 2848, 
1612, 11390, 6404, 25826, 14480, 58820, 134470, 8464, 61295, 4752, 34224, 19148,
139902, 77984, 43560, 320514, 178360, 736348, 409080, 1695582, 3912300, 14244, 
103864, 771573, 57892, 427944, 237720, 1776606, 132242, 983976, 545738, 4100226,
2267810, 1256036, 9480894, 5237148, 21958818, 12115152, 50934156, 118302492>
,
<3, 6, 23, 12, 46, 102, 36, 233, 130, 510, 282, 1146, 2620, 382, 2795, 1540, 
856, 6352, 3498, 14598, 8010, 33760, 78470, 4752, 36273, 2610, 19848, 10878, 
83962, 45876, 25112, 195312, 106562, 455844, 248346, 1066562, 2500596, 8148, 
62618, 490017, 34224, 266828, 145440, 1145094, 79334, 622854, 339058, 2682642, 
1457688, 792700, 6296442, 3418324, 14800506, 8028720, 34833204, 82066908>
,
<3, 6, 21, 12, 42, 90, 32, 201, 114, 438, 246, 978, 2220, 330, 2373, 1314, 732, 
5394, 2976, 12390, 6810, 28650, 66570, 4044, 30813, 2232, 16872, 9258, 71418, 
39024, 21360, 166284, 90696, 388380, 211512, 909258, 2132676, 6936, 53304, 
417675, 29142, 227394, 123930, 977100, 67620, 531312, 289158, 2290890, 1244388, 
676446, 5380224, 2919840, 12652710, 6861204, 29788920, 70200900>
,
<3, 6, 21, 12, 42, 90, 32, 195, 112, 422, 240, 934, 2100, 316, 2211, 1236, 698, 
4986, 2778, 11368, 6300, 26100, 60270, 3732, 27873, 2076, 15352, 8482, 64258, 
35296, 19444, 148920, 81596, 346440, 189392, 808346, 1890756, 6356, 47952, 
371475, 26352, 202868, 110974, 866430, 60804, 472374, 257880, 2026402, 1103136, 
601256, 4749396, 2582216, 11150734, 6055896, 26217660, 61718580>
,
<3, 6, 23, 12, 46, 102, 36, 225, 128, 490, 276, 1090, 2460, 364, 2555, 1432, 
812, 5746, 3220, 13050, 7280, 29800, 68390, 4280, 31393, 2388, 17416, 9688, 
71890, 39800, 22104, 165450, 91400, 382172, 210644, 885458, 2057076, 7236, 
53496, 405617, 29616, 223100, 122952, 939514, 67872, 515836, 283696, 2182770, 
1196384, 656844, 5083792, 2782136, 11865770, 6484296, 27746964, 64991388>
,
<3, 6, 23, 12, 46, 102, 36, 225, 128, 490, 276, 1090, 2460, 364, 2539, 1428, 
812, 5702, 3208, 12922, 7240, 29420, 67270, 4240, 30673, 2376, 17124, 9580, 
69970, 39004, 21800, 160278, 89200, 368204, 204540, 847826, 1956276, 7140, 
51952, 385857, 28964, 214004, 118884, 888354, 66122, 492024, 272890, 2050170, 
1133946, 628088, 4740518, 2618644, 10979514, 6057576, 25467204, 59151708>
,
<3, 6, 27, 12, 54, 126, 44, 309, 168, 690, 372, 1578, 3660, 516, 3963, 2160, 
1194, 9114, 4986, 21144, 11520, 49200, 114870, 6816, 53073, 3708, 28920, 15774, 
123570, 67308, 36732, 288684, 157116, 675792, 367332, 1584450, 3720276, 11820, 
92112, 727101, 50208, 395244, 215022, 1703682, 116976, 925470, 502980, 3998934, 
2170584, 1178940, 9398628, 5097960, 22113882, 11986632, 52081092, 122763564>
,
<3, 6, 23, 12, 46, 102, 36, 225, 128, 490, 276, 1090, 2460, 364, 2555, 1432, 
814, 5746, 3222, 13052, 7280, 29800, 68390, 4280, 31393, 2388, 17416, 9690, 
71890, 39804, 22116, 165456, 91412, 382184, 210644, 885458, 2057076, 7244, 
53496, 405617, 29624, 223100, 122962, 939514, 67872, 515850, 283708, 2182790, 
1196408, 656900, 5083828, 2782192, 11865826, 6484296, 27746964, 64991388>
,
<3, 6, 23, 12, 46, 102, 36, 225, 128, 490, 276, 1090, 2460, 364, 2539, 1428, 
812, 5702, 3208, 12922, 7240, 29420, 67270, 4240, 30673, 2376, 17124, 9580, 
69970, 39004, 21800, 160278, 89200, 368204, 204540, 847826, 1956276, 7140, 
51952, 385857, 28964, 214004, 118884, 888354, 66120, 492024, 272888, 2050170, 
1133944, 628088, 4740516, 2618644, 10979514, 6057576, 25467204, 59151708>
,
<3, 6, 33, 18, 72, 162, 56, 405, 222, 918, 504, 2106, 4860, 690, 5265, 2880, 
1578, 12150, 6642, 28188, 15390, 65610, 153090, 9084, 70713, 4968, 38556, 21042,
164754, 89748, 48924, 384912, 209466, 901044, 489888, 2112642, 4960116, 15720, 
122814, 969327, 66924, 526986, 286686, 2271564, 156060, 1233954, 670680, 
5331906, 2894130, 1571724, 12531510, 6797196, 29485134, 15982596, 69441624, 
163683828>
,
<3, 6, 25, 14, 52, 114, 40, 257, 146, 566, 320, 1266, 2860, 422, 3009, 1680, 
946, 6822, 3802, 15588, 8650, 35790, 82530, 5092, 38053, 2832, 20996, 11618, 
87754, 48308, 26668, 203208, 111606, 472028, 258664, 1099322, 2566116, 8680, 
65402, 504399, 36012, 276038, 151334, 1175208, 83108, 642066, 351312, 2744802, 
1497238, 817852, 6423450, 3498964, 15057966, 8191932, 35351568, 83103636>
,
<3, 6, 21, 12, 42, 90, 32, 189, 108, 402, 228, 882, 1980, 300, 2061, 1152, 648, 
4590, 2556, 10386, 5760, 23760, 54810, 3432, 25353, 1908, 13968, 7716, 58050, 
31896, 17568, 133974, 73440, 310932, 170100, 724626, 1694196, 5784, 43320, 
333675, 23796, 182268, 99708, 775710, 54630, 423000, 230958, 1810566, 985878, 
537444, 4238406, 2305044, 9944046, 5402376, 23371740, 55010340>
,
<3, 6, 21, 12, 42, 90, 32, 185, 108, 394, 228, 858, 1900, 292, 1929, 1100, 634, 
4266, 2426, 9548, 5400, 21540, 48930, 3176, 22453, 1800, 12584, 7082, 50890, 
28428, 15948, 116112, 64652, 266264, 147784, 613130, 1416996, 5288, 37884, 
281095, 21156, 155528, 86294, 647290, 48012, 357226, 197636, 1496514, 823928, 
454700, 3471144, 1906996, 8073534, 4426800, 18823140, 43977780>
,
<3, 6, 21, 12, 42, 90, 32, 185, 108, 394, 228, 858, 1900, 292, 1917, 1096, 632, 
4230, 2412, 9442, 5360, 21240, 48090, 3144, 21933, 1788, 12360, 6988, 49482, 
27808, 15680, 112326, 62960, 256164, 143220, 586362, 1346436, 5208, 36760, 
267315, 20652, 149052, 83300, 611550, 46658, 340272, 189722, 1404150, 779746, 
433868, 3233322, 1792308, 7463358, 4130280, 17263260, 40004580>
,
<3, 6, 21, 12, 42, 90, 32, 183, 108, 390, 228, 846, 1860, 288, 1851, 1068, 624, 
4062, 2340, 9006, 5160, 20100, 45150, 3012, 20553, 1728, 11664, 6648, 46050, 
26052, 14808, 103842, 58560, 235380, 132300, 535962, 1225476, 4956, 34188, 
244875, 19332, 137028, 76932, 557430, 43320, 311040, 174072, 1274718, 709320, 
395880, 2926428, 1624308, 6741798, 3733128, 15579900, 36105300>
,
<3, 6, 21, 12, 42, 90, 32, 183, 108, 390, 228, 846, 1860, 288, 1881, 1080, 630, 
4158, 2382, 9288, 5280, 20880, 47250, 3096, 21723, 1764, 12216, 6906, 49254, 
27588, 15540, 112356, 62676, 257520, 143052, 592662, 1369116, 5160, 36696, 
271935, 20556, 150564, 83658, 627030, 46632, 346122, 191628, 1451250, 798792, 
440916, 3369420, 1849848, 7844382, 4296600, 18306540, 42813540>
,
<3, 6, 21, 12, 42, 90, 32, 183, 108, 390, 228, 846, 1860, 288, 1845, 1068, 624, 
4050, 2340, 8970, 5160, 19980, 44730, 3000, 20223, 1728, 11556, 6624, 45198, 
25764, 14736, 101502, 57720, 228780, 129780, 517230, 1172556, 4920, 33480, 
234135, 19080, 132444, 75096, 529470, 42672, 298908, 169104, 1200942, 676680, 
382080, 2730780, 1535940, 6223014, 3494232, 14209020, 32501700>
,
<2, 4, 15, 6, 28, 66, 24, 158, 86, 348, 186, 792, 1840, 260, 1991, 1084, 604, 
4564, 2500, 10582, 5760, 24610, 57470, 3416, 26562, 1854, 14472, 7894, 61804, 
33668, 18392, 144366, 78584, 337932, 183666, 792260, 1860264, 5932, 46076, 
363621, 25126, 197654, 107540, 851892, 58488, 462778, 251516, 1999534, 1085344, 
589568, 4699402, 2549078, 11057074, 5993316, 26040672, 61382244>
,
<2, 4, 12, 6, 22, 48, 18, 101, 58, 214, 120, 470, 1060, 160, 1115, 622, 356, 
2500, 1396, 5694, 3150, 13060, 30170, 1874, 13962, 1038, 7688, 4248, 32148, 
17662, 9748, 74484, 40824, 173256, 94696, 404208, 945504, 3200, 23996, 185808, 
13198, 101466, 55516, 433266, 30402, 236230, 128966, 1013268, 551620, 300726, 
2374786, 1291206, 5575500, 3027948, 13108956, 30859752>
,
<2, 4, 13, 6, 24, 54, 20, 116, 66, 248, 138, 548, 1240, 184, 1279, 718, 412, 
2858, 1610, 6470, 3620, 14720, 33670, 2128, 15362, 1188, 8574, 4796, 35004, 
19514, 10920, 80160, 44620, 184132, 102270, 423948, 978264, 3588, 25996, 192999,
14500, 107034, 59466, 444228, 33060, 246048, 136464, 1025142, 567012, 314114, 
2370328, 1309392, 5489862, 3028788, 12733728, 29576316>
,
<2, 4, 13, 6, 24, 54, 20, 116, 66, 248, 138, 548, 1240, 184, 1287, 720, 414, 
2880, 1618, 6536, 3640, 14910, 34230, 2148, 15722, 1194, 8720, 4852, 35964, 
19916, 11084, 82752, 45732, 191128, 105322, 442764, 1028664, 3644, 26768, 
202879, 14834, 111582, 61510, 469808, 33936, 257968, 141880, 1091462, 598256, 
328548, 2542002, 1391194, 5933046, 3242148, 13873608, 32496156>
,
<2, 4, 18, 8, 36, 84, 30, 206, 112, 460, 248, 1052, 2440, 344, 2642, 1440, 796, 
6076, 3324, 14096, 7680, 32800, 76580, 4544, 35382, 2472, 19280, 10516, 82380, 
44872, 24488, 192456, 104744, 450528, 244888, 1056300, 2480184, 7882, 61408, 
484734, 33472, 263496, 143348, 1135788, 77984, 616980, 335320, 2665956, 1447056,
785960, 6265752, 3398640, 14742588, 7991088, 34720728, 81842376>
,
<2, 4, 14, 6, 26, 60, 22, 132, 74, 284, 156, 632, 1440, 210, 1514, 840, 480, 
3412, 1904, 7796, 4310, 17890, 41300, 2548, 19052, 1404, 10500, 5804, 43880, 
24152, 13360, 101604, 55814, 236020, 129276, 549640, 1283184, 4362, 32702, 
252270, 18016, 138022, 75672, 587610, 41508, 321036, 175636, 1372404, 748610, 
409024, 3211722, 1749524, 7529004, 4095756, 17675700, 41552280>
,
<2, 4, 12, 6, 22, 48, 18, 98, 56, 204, 114, 444, 1000, 152, 1040, 580, 330, 
2302, 1284, 5202, 2880, 11890, 27440, 1724, 12702, 954, 6996, 3864, 29044, 
15960, 8804, 67008, 36740, 155496, 85050, 362348, 847224, 2910, 21680, 166908, 
11916, 91166, 49878, 387906, 27314, 211536, 115498, 905340, 492978, 268792, 
2119272, 1152592, 4972128, 2701188, 11685996, 27505632>
,
<2, 4, 12, 6, 22, 48, 18, 96, 56, 200, 114, 432, 960, 148, 974, 554, 324, 2140, 
1220, 4784, 2700, 10780, 24500, 1596, 11252, 900, 6304, 3548, 25464, 14228, 
8000, 58080, 32352, 133168, 73892, 306600, 708624, 2666, 18962, 140618, 10600, 
77796, 43176, 323696, 24006, 178656, 98844, 748324, 412016, 227448, 1735660, 
953596, 4036900, 2213400, 9411696, 21989352>
,
<2, 4, 12, 6, 22, 48, 18, 96, 56, 200, 114, 432, 960, 148, 968, 552, 322, 2122, 
1212, 4730, 2680, 10630, 24080, 1580, 10992, 894, 6192, 3500, 24760, 13916, 
7860, 56184, 31500, 128112, 71610, 293216, 673344, 2622, 18400, 133728, 10344, 
74558, 41674, 305826, 23328, 170172, 94880, 702132, 389912, 217004, 1616730, 
896224, 3731784, 2065140, 8631756, 20002752>
,
<2, 4, 12, 6, 22, 48, 18, 95, 56, 198, 114, 426, 940, 146, 935, 538, 318, 2038, 
1176, 4512, 2580, 10060, 22610, 1514, 10302, 864, 5844, 3330, 23044, 13038, 
7424, 51942, 29300, 117720, 66150, 268016, 612864, 2496, 17114, 122508, 9684, 
68546, 38490, 278766, 21660, 155556, 87056, 637416, 354700, 198010, 1463284, 
812224, 3371004, 1866564, 7790076, 18053112>
,
<2, 4, 12, 6, 22, 48, 18, 95, 56, 198, 114, 426, 940, 146, 950, 544, 322, 2086, 
1198, 4654, 2640, 10450, 23660, 1556, 10887, 882, 6120, 3460, 24646, 13808, 
7796, 56202, 31364, 128796, 71526, 296366, 684684, 2602, 18368, 136038, 10300, 
75314, 41858, 313566, 23316, 173104, 95840, 725692, 399448, 220556, 1684798, 
925022, 3922324, 2148300, 9153396, 21407232>
,
<2, 4, 12, 6, 22, 48, 18, 95, 56, 198, 114, 426, 940, 146, 932, 538, 318, 2032, 
1176, 4494, 2580, 10000, 22400, 1508, 10137, 864, 5790, 3318, 22618, 12894, 
7388, 50772, 28880, 114420, 64890, 258650, 586404, 2478, 16760, 117138, 9558, 
66254, 37572, 264786, 21336, 149490, 84572, 600528, 338380, 191110, 1365460, 
768040, 3111612, 1747116, 7104636, 16251312>
,
<2, 4, 15, 8, 30, 66, 24, 158, 88, 352, 194, 800, 1840, 266, 1991, 1092, 604, 
4576, 2508, 10598, 5790, 24640, 57470, 3428, 26562, 1878, 14492, 7918, 61836, 
33700, 18392, 144414, 78614, 337992, 183778, 792372, 1860264, 5932, 46114, 
363621, 25150, 197712, 107588, 851982, 58580, 462858, 251608, 1999662, 1085466, 
589568, 4699584, 2549190, 11057298, 5993736, 26041092, 61382244>
,
<2, 4, 13, 6, 24, 54, 20, 116, 66, 248, 138, 548, 1240, 184, 1279, 718, 412, 
2858, 1610, 6470, 3620, 14720, 33670, 2128, 15362, 1188, 8574, 4796, 35004, 
19514, 10920, 80160, 44620, 184132, 102270, 423948, 978264, 3588, 25996, 192999,
14500, 107034, 59466, 444228, 33062, 246048, 136466, 1025142, 567014, 314114, 
2370330, 1309392, 5489862, 3028788, 12733728, 29576316>
,
<2, 4, 14, 8, 28, 60, 22, 132, 76, 288, 164, 640, 1440, 216, 1514, 848, 480, 
3424, 1912, 7812, 4340, 17920, 41300, 2560, 19052, 1428, 10520, 5828, 43912, 
24184, 13360, 101652, 55844, 236080, 129388, 549752, 1283184, 4362, 32740, 
252270, 18040, 138080, 75720, 587700, 41600, 321116, 175728, 1372532, 748732, 
409024, 3211904, 1749636, 7529228, 4096176, 17676120, 41552280>
,
<2, 4, 12, 6, 22, 48, 18, 96, 56, 200, 114, 432, 960, 148, 968, 552, 322, 2122, 
1212, 4730, 2680, 10630, 24080, 1580, 10992, 894, 6192, 3500, 24760, 13916, 
7860, 56184, 31500, 128112, 71610, 293216, 673344, 2622, 18400, 133728, 10344, 
74558, 41674, 305826, 23330, 170172, 94882, 702132, 389914, 217004, 1616732, 
896224, 3731784, 2065140, 8631756, 20002752>
,
<2, 4, 13, 6, 24, 54, 20, 116, 66, 248, 138, 548, 1240, 184, 1287, 720, 412, 
2880, 1616, 6534, 3640, 14910, 34230, 2148, 15722, 1194, 8720, 4850, 35964, 
19912, 11072, 82746, 45720, 191116, 105322, 442764, 1028664, 3636, 26768, 
202879, 14826, 111582, 61500, 469808, 33936, 257954, 141868, 1091442, 598232, 
328492, 2541966, 1391138, 5932990, 3242148, 13873608, 32496156>
,
<2, 4, 12, 6, 22, 48, 18, 96, 56, 200, 114, 432, 960, 148, 974, 554, 322, 2140, 
1218, 4782, 2700, 10780, 24500, 1596, 11252, 900, 6304, 3546, 25464, 14224, 
7988, 58074, 32340, 133156, 73892, 306600, 708624, 2658, 18962, 140618, 10592, 
77796, 43166, 323696, 24006, 178642, 98832, 748304, 411992, 227392, 1735624, 
953540, 4036844, 2213400, 9411696, 21989352>
,
<2, 4, 13, 8, 26, 54, 20, 106, 64, 224, 134, 480, 1040, 166, 1037, 604, 356, 
2272, 1316, 5026, 2890, 11200, 25130, 1692, 11542, 978, 6548, 3738, 25988, 
14668, 8328, 58890, 33074, 134168, 74998, 307132, 706104, 2792, 19366, 140919, 
10930, 78448, 43852, 323418, 24620, 179374, 99848, 745402, 411998, 228480, 
1724224, 950082, 4001158, 2198616, 9311148, 21722316>
,
<2, 4, 11, 6, 20, 42, 16, 76, 46, 152, 90, 316, 680, 112, 661, 388, 234, 1400, 
822, 3032, 1760, 6650, 14770, 1044, 6782, 606, 3888, 2244, 14964, 8540, 4916, 
33408, 18972, 75208, 42462, 170436, 388584, 1688, 11156, 78357, 6366, 44010, 
24842, 177584, 14076, 99344, 55808, 405186, 225776, 126348, 929318, 515998, 
2140754, 1184652, 4949784, 11482548>
,
<2, 4, 11, 6, 20, 42, 16, 76, 46, 152, 90, 316, 680, 112, 657, 386, 232, 1386, 
814, 2990, 1740, 6540, 14490, 1032, 6622, 600, 3810, 2204, 14516, 8318, 4800, 
32208, 18380, 72092, 40950, 162484, 368424, 1656, 10804, 74457, 6188, 42082, 
23882, 167424, 13598, 94296, 53298, 379122, 212814, 119894, 863134, 483056, 
1973706, 1101492, 4529784, 10429188>
,
<2, 4, 11, 6, 20, 42, 16, 82, 48, 168, 96, 360, 800, 126, 823, 464, 266, 1802, 
1012, 4036, 2250, 9170, 21070, 1352, 9762, 756, 5400, 2998, 22196, 12236, 6772, 
50994, 28030, 117984, 64680, 274372, 640584, 2260, 16582, 126537, 9142, 69238, 
37958, 293304, 20846, 160162, 87594, 683242, 372448, 203328, 1597216, 869442, 
3743698, 2035404, 8792784, 20685588>
,
<2, 4, 11, 6, 20, 42, 16, 75, 46, 150, 90, 310, 660, 110, 638, 378, 232, 1348, 
800, 2908, 1700, 6340, 14000, 1006, 6452, 588, 3716, 2158, 14224, 8146, 4716, 
31722, 18054, 71344, 40306, 161588, 368424, 1630, 10622, 74457, 6088, 41834, 
23648, 168984, 13422, 94488, 53086, 386138, 214886, 120182, 887106, 491652, 
2047430, 1130388, 4743984, 11029788>
,
<2, 4, 11, 6, 20, 42, 16, 75, 46, 150, 90, 310, 660, 110, 622, 372, 228, 1298, 
778, 2760, 1640, 5930, 12880, 962, 5832, 570, 3428, 2026, 12544, 7350, 4340, 
27270, 15920, 59760, 34720, 131852, 292824, 1518, 9308, 60247, 5450, 34760, 
20156, 132654, 11730, 76244, 44020, 294278, 168460, 96910, 656942, 374626, 
1474858, 837816, 3328164, 7546308>
,
<1, 2, 7, 4, 14, 30, 12, 67, 38, 146, 82, 326, 740, 110, 791, 438, 244, 1798, 
992, 4130, 2270, 9550, 22190, 1348, 10271, 744, 5624, 3086, 23806, 13008, 7120, 
55428, 30232, 129460, 70504, 303086, 710892, 2316, 17768, 139225, 9714, 75798, 
41310, 325700, 22540, 177104, 96386, 763630, 414796, 225482, 1793408, 973280, 
4217570, 2287068, 9929640, 23400300>
,
<1, 2, 9, 4, 18, 42, 16, 103, 56, 230, 124, 526, 1220, 172, 1321, 720, 398, 
3038, 1662, 7048, 3840, 16400, 38290, 2272, 17691, 1236, 9640, 5258, 41190, 
22436, 12244, 96228, 52372, 225264, 122444, 528150, 1240092, 3944, 30704, 
242367, 16736, 131748, 71674, 567894, 38992, 308490, 167660, 1332978, 723528, 
392980, 3132876, 1699320, 7371294, 3995544, 17360364, 40921188>
,
<1, 2, 11, 6, 24, 54, 20, 135, 74, 306, 168, 702, 1620, 230, 1755, 960, 526, 
4050, 2214, 9396, 5130, 21870, 51030, 3028, 23571, 1656, 12852, 7014, 54918, 
29916, 16308, 128304, 69822, 300348, 163296, 704214, 1653372, 5244, 40938, 
323109, 22308, 175662, 95562, 757188, 52020, 411318, 223560, 1777302, 964710, 
523908, 4177170, 2265732, 9828378, 5327532, 23147208, 54561276>
,
<1, 2, 7, 4, 14, 30, 12, 63, 36, 134, 76, 294, 660, 100, 687, 384, 216, 1530, 
852, 3462, 1920, 7920, 18270, 1144, 8451, 636, 4656, 2572, 19350, 10632, 5856, 
44658, 24480, 103644, 56700, 241542, 564732, 1932, 14440, 111225, 7932, 60756, 
33236, 258570, 18210, 141000, 76986, 603522, 328626, 179148, 1412802, 768348, 
3314682, 1800792, 7790580, 18336780>
,
<1, 2, 7, 4, 14, 30, 12, 61, 36, 130, 76, 282, 620, 96, 617, 356, 208, 1354, 
780, 3002, 1720, 6700, 15050, 1004, 6851, 576, 3888, 2216, 15350, 8684, 4936, 
34614, 19520, 78460, 44100, 178654, 408492, 1656, 11396, 81625, 6444, 45676, 
25644, 185810, 14440, 103680, 58024, 424906, 236440, 131960, 975476, 541436, 
2247266, 1244376, 5193300, 12035100>
,
<1, 2, 7, 4, 14, 30, 12, 61, 36, 130, 76, 282, 620, 96, 627, 360, 210, 1386, 
794, 3096, 1760, 6960, 15750, 1032, 7241, 588, 4072, 2302, 16418, 9196, 5180, 
37452, 20892, 85840, 47684, 197554, 456372, 1724, 12232, 90645, 6852, 50188, 
27886, 209010, 15544, 115374, 63876, 483750, 266264, 146972, 1123140, 616616, 
2614794, 1432200, 6102180, 14271180>
,
<1, 2, 7, 4, 14, 30, 12, 61, 36, 130, 76, 282, 620, 96, 615, 356, 208, 1350, 
780, 2990, 1720, 6660, 14910, 1000, 6741, 576, 3852, 2208, 15066, 8588, 4912, 
33834, 19240, 76260, 43260, 172410, 390852, 1644, 11160, 78045, 6360, 44148, 
25032, 176490, 14224, 99636, 56368, 400314, 225560, 127360, 910260, 511980, 
2074338, 1164744, 4736340, 10833900>
,
<1, 2, 6, 2, 10, 24, 10, 55, 30, 118, 62, 266, 620, 88, 670, 364, 206, 1526, 
838, 3534, 1920, 8210, 19180, 1144, 8871, 618, 4832, 2636, 20614, 11232, 6148, 
48138, 26212, 112668, 61222, 264110, 620172, 1994, 15372, 121254, 8390, 65906, 
35866, 283998, 19496, 154288, 83856, 666556, 361816, 196588, 1566526, 849758, 
3685780, 1997772, 8680308, 20461056>
,
<1, 2, 7, 2, 12, 30, 12, 71, 38, 154, 80, 350, 820, 114, 887, 480, 270, 2026, 
1110, 4700, 2550, 10930, 25550, 1516, 11811, 816, 6428, 3502, 27462, 14956, 
8180, 64152, 34922, 150180, 81592, 352086, 826812, 2644, 20470, 161625, 11164, 
87834, 47786, 378600, 25964, 205662, 111760, 888654, 482346, 262052, 2088582, 
1132908, 4914210, 2663556, 11573520, 27281100>
,
<1, 2, 5, 2, 8, 18, 8, 35, 20, 70, 38, 150, 340, 52, 353, 196, 114, 772, 432, 
1740, 960, 3970, 9170, 580, 4251, 318, 2340, 1292, 9694, 5328, 2948, 22350, 
12260, 51852, 28350, 120806, 282492, 984, 7240, 55683, 3984, 30410, 16642, 
129336, 9104, 70536, 38512, 301818, 164352, 89644, 706470, 384244, 1657446, 
900396, 3895416, 9168852>
,
<1, 2, 5, 2, 8, 18, 8, 34, 20, 68, 38, 144, 320, 50, 318, 182, 110, 684, 396, 
1510, 860, 3360, 7560, 510, 3451, 288, 1956, 1114, 7694, 4354, 2488, 17328, 
9780, 39260, 22050, 89362, 204372, 846, 5718, 40883, 3240, 22870, 12846, 92956, 
7220, 51876, 29032, 212510, 118260, 66050, 487808, 270788, 1123738, 622188, 
2596776, 6018012>
,
<1, 2, 5, 2, 8, 18, 8, 34, 20, 68, 38, 144, 320, 50, 323, 184, 112, 700, 404, 
1558, 880, 3490, 7910, 524, 3646, 294, 2048, 1158, 8228, 4612, 2616, 18750, 
10472, 42956, 23842, 98812, 228312, 884, 6136, 45393, 3448, 25126, 13972, 
104556, 7772, 57730, 31964, 241942, 133184, 73584, 561658, 308406, 1307530, 
716100, 3051216, 7136052>
,
<1, 2, 5, 2, 8, 18, 8, 34, 20, 68, 38, 144, 320, 50, 317, 182, 110, 682, 396, 
1504, 860, 3340, 7490, 508, 3396, 288, 1938, 1110, 7552, 4306, 2476, 16938, 
9640, 38160, 21630, 86240, 195552, 840, 5600, 39093, 3198, 22106, 12540, 88296, 
7112, 49854, 28204, 200214, 112820, 63750, 455200, 256060, 1037274, 582372, 
2368296, 5417412>
,
<1, 2, 5, 2, 8, 18, 8, 39, 22, 82, 44, 182, 420, 62, 453, 248, 142, 1026, 566, 
2368, 1290, 5490, 12810, 772, 5931, 420, 3236, 1770, 13766, 7508, 4116, 32124, 
17502, 75156, 40852, 176134, 413532, 1344, 10274, 80883, 5616, 43978, 23946, 
189396, 13028, 102914, 55952, 444458, 241286, 131124, 1044470, 566608, 2457350, 
1331988, 5787096, 13641012>
,
<1, 2, 4, 2, 6, 12, 6, 23, 14, 46, 26, 98, 220, 36, 236, 132, 78, 526, 294, 
1202, 660, 2770, 6440, 400, 2991, 222, 1640, 904, 6918, 3784, 2084, 16110, 8792,
37644, 20482, 88158, 206892, 694, 5176, 40512, 2842, 22050, 12026, 94794, 6560, 
51540, 28048, 222360, 120756, 65660, 522414, 283458, 1228920, 666204, 2893884, 
6820968>
,
<1, 2, 4, 2, 6, 12, 6, 19, 12, 34, 20, 66, 140, 26, 136, 80, 50, 272, 160, 574, 
330, 1250, 2800, 208, 1311, 120, 744, 426, 2846, 1604, 916, 6336, 3550, 14340, 
7980, 32830, 75852, 334, 2142, 15312, 1210, 8482, 4722, 34734, 2636, 19162, 
10608, 79720, 43822, 24180, 184414, 101094, 429016, 234612, 1002204, 2348808>
,
<1, 2, 4, 2, 6, 12, 6, 19, 12, 34, 20, 66, 140, 26, 140, 82, 52, 286, 168, 616, 
350, 1360, 3080, 220, 1451, 126, 816, 464, 3230, 1804, 1024, 7338, 4072, 16864, 
9282, 39046, 90972, 366, 2436, 18112, 1368, 9956, 5502, 41804, 3044, 22902, 
12582, 97208, 53084, 29090, 227058, 123718, 532056, 289296, 1249584, 2940168>
,
<6, 9, 54, 27, 108, 243, 82, 621, 333, 1377, 756, 3159, 7290, 1035, 7938, 4320, 
2367, 18225, 9963, 42282, 23085, 98415, 229635, 13626, 106191, 7452, 57834, 
31563, 247131, 134622, 73386, 577368, 314199, 1351566, 734832, 3168963, 7440174,
23574, 184221, 1454355, 100386, 790479, 430029, 3407346, 234090, 1850931, 
1006020, 7997859, 4341195, 2357586, 18797265, 10195794, 44227701, 23973894, 
104162436, 245525742>
,
<4, 5, 30, 13, 54, 123, 42, 319, 167, 689, 376, 1579, 3650, 517, 3994, 2160, 
1187, 9113, 4983, 21142, 11535, 49205, 114835, 6814, 53169, 3720, 28918, 15779, 
123567, 67310, 36706, 288684, 157105, 675786, 367388, 1584471, 3720150, 11798, 
92111, 727395, 50198, 395241, 215017, 1703676, 117022, 925467, 503000, 3998931, 
2170593, 1178842, 9398631, 5097918, 22113861, 11986842, 52081176, 122763102>
,
<4, 5, 26, 12, 45, 99, 34, 243, 128, 507, 282, 1143, 2610, 380, 2826, 1536, 850,
6345, 3492, 14589, 8010, 33750, 78435, 4744, 36369, 2610, 19836, 10872, 83943, 
45864, 25092, 195291, 106542, 455814, 248346, 1066527, 2500470, 8130, 62598, 
490311, 34206, 266796, 145416, 1145043, 79335, 622818, 339039, 2682585, 1457649,
792630, 6296373, 3418254, 14800401, 8028720, 34833078, 82066446>
,
<4, 5, 26, 12, 45, 99, 34, 235, 126, 487, 276, 1087, 2450, 362, 2586, 1428, 807,
5739, 3215, 13042, 7280, 29790, 68355, 4272, 31489, 2388, 17404, 9683, 71871, 
39790, 22090, 165432, 91386, 382148, 210644, 885423, 2056950, 7222, 53476, 
405911, 29602, 223068, 122933, 939463, 67872, 515807, 283682, 2182723, 1196356, 
656802, 5083740, 2782094, 11865693, 6484296, 27746838, 64990926>
,
<3, 3, 18, 7, 28, 63, 22, 168, 85, 347, 190, 793, 1830, 261, 2022, 1084, 597, 
4563, 2497, 10580, 5775, 24615, 57435, 3414, 26658, 1866, 14470, 7899, 61801, 
33670, 18366, 144366, 78573, 337926, 183722, 792281, 1860138, 5910, 46075, 
363915, 25116, 197651, 107535, 851886, 58534, 462775, 251536, 1999531, 1085353, 
589470, 4699405, 2549036, 11057053, 5993526, 26040756, 61381782>
,
<2, 3, 16, 7, 28, 63, 22, 161, 85, 347, 190, 793, 1830, 261, 2002, 1084, 597, 
4563, 2497, 10580, 5775, 24615, 57435, 3414, 26597, 1866, 14470, 7899, 61801, 
33670, 18366, 144366, 78573, 337926, 183722, 792281, 1860138, 5910, 46075, 
363733, 25116, 197651, 107535, 851886, 58534, 462775, 251536, 1999531, 1085353, 
589470, 4699405, 2549036, 11057053, 5993526, 26040756, 61381782>
,
<4, 5, 26, 12, 45, 99, 34, 235, 126, 487, 276, 1087, 2450, 362, 2570, 1424, 806,
5695, 3202, 12913, 7240, 29410, 67235, 4232, 30769, 2376, 17112, 9574, 69951, 
38992, 21780, 160257, 89180, 368174, 204540, 847791, 1956150, 7122, 51932, 
386151, 28946, 213972, 118860, 888303, 66121, 491988, 272869, 2050113, 1133905, 
628018, 4740447, 2618574, 10979409, 6057576, 25467078, 59151246>
,
<3, 3, 16, 6, 23, 51, 18, 130, 65, 255, 141, 573, 1310, 191, 1438, 770, 428, 
3176, 1749, 7299, 4005, 16880, 39235, 2376, 18258, 1305, 9924, 5439, 41981, 
22938, 12556, 97656, 53281, 227922, 124173, 533281, 1250298, 4074, 31309, 
245373, 17112, 133414, 72720, 572547, 39667, 311427, 169529, 1341321, 728844, 
396350, 3148221, 1709162, 7400253, 4014360, 17416602, 41033454>
,
<3, 3, 15, 6, 21, 45, 16, 114, 57, 219, 123, 489, 1110, 165, 1227, 657, 366, 
2697, 1488, 6195, 3405, 14325, 33285, 2022, 15528, 1116, 8436, 4629, 35709, 
19512, 10680, 83142, 45348, 194190, 105756, 454629, 1066338, 3468, 26652, 
209202, 14571, 113697, 61965, 488550, 33810, 265656, 144579, 1145445, 622194, 
338223, 2690112, 1459920, 6326355, 3430602, 14894460, 35100450>
,
<3, 3, 15, 6, 21, 45, 16, 111, 56, 211, 120, 467, 1050, 158, 1146, 618, 349, 
2493, 1389, 5684, 3150, 13050, 30135, 1866, 14058, 1038, 7676, 4241, 32129, 
17648, 9722, 74460, 40798, 173220, 94696, 404173, 945378, 3178, 23976, 186102, 
13176, 101434, 55487, 433215, 30402, 236187, 128940, 1013201, 551568, 300628, 
2374698, 1291108, 5575367, 3027948, 13108830, 30859290>
,
<2, 3, 12, 6, 21, 45, 16, 101, 56, 211, 120, 467, 1050, 158, 1116, 618, 349, 
2493, 1389, 5684, 3150, 13050, 30135, 1866, 13967, 1038, 7676, 4241, 32129, 
17648, 9722, 74460, 40798, 173220, 94696, 404173, 945378, 3178, 23976, 185829, 
13176, 101434, 55487, 433215, 30402, 236187, 128940, 1013201, 551568, 300628, 
2374698, 1291108, 5575367, 3027948, 13108830, 30859290>
,
<3, 3, 16, 6, 23, 51, 18, 126, 64, 245, 138, 545, 1230, 182, 1318, 716, 406, 
2873, 1610, 6525, 3640, 14900, 34195, 2140, 15818, 1194, 8708, 4844, 35945, 
19900, 11052, 82725, 45700, 191086, 105322, 442729, 1028538, 3618, 26748, 
203173, 14808, 111550, 61476, 469757, 33936, 257918, 141848, 1091385, 598192, 
328422, 2541896, 1391068, 5932885, 3242148, 13873482, 32495694>
,
<2, 3, 14, 6, 23, 51, 18, 119, 64, 245, 138, 545, 1230, 182, 1298, 716, 406, 
2873, 1610, 6525, 3640, 14900, 34195, 2140, 15757, 1194, 8708, 4844, 35945, 
19900, 11052, 82725, 45700, 191086, 105322, 442729, 1028538, 3618, 26748, 
202991, 14808, 111550, 61476, 469757, 33936, 257918, 141848, 1091385, 598192, 
328422, 2541896, 1391068, 5932885, 3242148, 13873482, 32495694>
,
<3, 3, 16, 6, 23, 51, 18, 126, 64, 245, 138, 545, 1230, 182, 1310, 714, 406, 
2851, 1604, 6461, 3620, 14710, 33635, 2120, 15458, 1188, 8562, 4790, 34985, 
19502, 10900, 80139, 44600, 184102, 102270, 423913, 978138, 3570, 25976, 193293,
14482, 107002, 59442, 444177, 33061, 246012, 136445, 1025085, 566973, 314044, 
2370259, 1309322, 5489757, 3028788, 12733602, 29575854>
,
<2, 3, 14, 6, 23, 51, 18, 119, 64, 245, 138, 545, 1230, 182, 1290, 714, 406, 
2851, 1604, 6461, 3620, 14710, 33635, 2120, 15397, 1188, 8562, 4790, 34985, 
19502, 10900, 80139, 44600, 184102, 102270, 423913, 978138, 3570, 25976, 193111,
14482, 107002, 59442, 444177, 33061, 246012, 136445, 1025085, 566973, 314044, 
2370259, 1309322, 5489757, 3028788, 12733602, 29575854>
,
<3, 3, 18, 6, 27, 63, 22, 168, 84, 345, 186, 789, 1830, 258, 2022, 1080, 597, 
4557, 2493, 10572, 5760, 24600, 57435, 3408, 26658, 1854, 14460, 7887, 61785, 
33654, 18366, 144342, 78558, 337896, 183666, 792225, 1860138, 5910, 46056, 
363915, 25104, 197622, 107511, 851841, 58488, 462735, 251490, 1999467, 1085292, 
589470, 4699314, 2548980, 11056941, 5993316, 26040546, 61381782>
,
<2, 3, 16, 6, 27, 63, 22, 161, 84, 345, 186, 789, 1830, 258, 2002, 1080, 597, 
4557, 2493, 10572, 5760, 24600, 57435, 3408, 26597, 1854, 14460, 7887, 61785, 
33654, 18366, 144342, 78558, 337896, 183666, 792225, 1860138, 5910, 46056, 
363733, 25104, 197622, 107511, 851841, 58488, 462735, 251490, 1999467, 1085292, 
589470, 4699314, 2548980, 11056941, 5993316, 26040546, 61381782>
,
<3, 3, 16, 6, 23, 51, 18, 126, 64, 245, 138, 545, 1230, 182, 1318, 716, 407, 
2873, 1611, 6526, 3640, 14900, 34195, 2140, 15818, 1194, 8708, 4845, 35945, 
19902, 11058, 82728, 45706, 191092, 105322, 442729, 1028538, 3622, 26748, 
203173, 14812, 111550, 61481, 469757, 33936, 257925, 141854, 1091395, 598204, 
328450, 2541914, 1391096, 5932913, 3242148, 13873482, 32495694>
,
<2, 3, 14, 6, 23, 51, 18, 119, 64, 245, 138, 545, 1230, 182, 1298, 716, 407, 
2873, 1611, 6526, 3640, 14900, 34195, 2140, 15757, 1194, 8708, 4845, 35945, 
19902, 11058, 82728, 45706, 191092, 105322, 442729, 1028538, 3622, 26748, 
202991, 14812, 111550, 61481, 469757, 33936, 257925, 141854, 1091395, 598204, 
328450, 2541914, 1391096, 5932913, 3242148, 13873482, 32495694>
,
<3, 3, 16, 6, 23, 51, 18, 126, 64, 245, 138, 545, 1230, 182, 1310, 714, 406, 
2851, 1604, 6461, 3620, 14710, 33635, 2120, 15458, 1188, 8562, 4790, 34985, 
19502, 10900, 80139, 44600, 184102, 102270, 423913, 978138, 3570, 25976, 193293,
14482, 107002, 59442, 444177, 33060, 246012, 136444, 1025085, 566972, 314044, 
2370258, 1309322, 5489757, 3028788, 12733602, 29575854>
,
<2, 3, 14, 6, 23, 51, 18, 119, 64, 245, 138, 545, 1230, 182, 1290, 714, 406, 
2851, 1604, 6461, 3620, 14710, 33635, 2120, 15397, 1188, 8562, 4790, 34985, 
19502, 10900, 80139, 44600, 184102, 102270, 423913, 978138, 3570, 25976, 193111,
14482, 107002, 59442, 444177, 33060, 246012, 136444, 1025085, 566972, 314044, 
2370258, 1309322, 5489757, 3028788, 12733602, 29575854>
,
<3, 3, 21, 9, 36, 81, 28, 216, 111, 459, 252, 1053, 2430, 345, 2673, 1440, 789, 
6075, 3321, 14094, 7695, 32805, 76545, 4542, 35478, 2484, 19278, 10521, 82377, 
44874, 24462, 192456, 104733, 450522, 244944, 1056321, 2480058, 7860, 61407, 
485028, 33462, 263493, 143343, 1135782, 78030, 616977, 335340, 2665953, 1447065,
785862, 6265755, 3398598, 14742567, 7991298, 34720812, 81841914>
,
<2, 3, 18, 9, 36, 81, 28, 207, 111, 459, 252, 1053, 2430, 345, 2646, 1440, 789, 
6075, 3321, 14094, 7695, 32805, 76545, 4542, 35397, 2484, 19278, 10521, 82377, 
44874, 24462, 192456, 104733, 450522, 244944, 1056321, 2480058, 7860, 61407, 
484785, 33462, 263493, 143343, 1135782, 78030, 616977, 335340, 2665953, 1447065,
785862, 6265755, 3398598, 14742567, 7991298, 34720812, 81841914>
,
<3, 3, 17, 7, 26, 57, 20, 142, 73, 283, 160, 633, 1430, 211, 1545, 840, 473, 
3411, 1901, 7794, 4325, 17895, 41265, 2546, 19148, 1416, 10498, 5809, 43877, 
24154, 13334, 101604, 55803, 236014, 129332, 549661, 1283058, 4340, 32701, 
252564, 18006, 138019, 75667, 587604, 41554, 321033, 175656, 1372401, 748619, 
408926, 3211725, 1749482, 7528983, 4095966, 17675784, 41551818>
,
<2, 3, 14, 7, 26, 57, 20, 133, 73, 283, 160, 633, 1430, 211, 1518, 840, 473, 
3411, 1901, 7794, 4325, 17895, 41265, 2546, 19067, 1416, 10498, 5809, 43877, 
24154, 13334, 101604, 55803, 236014, 129332, 549661, 1283058, 4340, 32701, 
252321, 18006, 138019, 75667, 587604, 41554, 321033, 175656, 1372401, 748619, 
408926, 3211725, 1749482, 7528983, 4095966, 17675784, 41551818>
,
<3, 3, 15, 6, 21, 45, 16, 108, 54, 201, 114, 441, 990, 150, 1071, 576, 324, 
2295, 1278, 5193, 2880, 11880, 27405, 1716, 12798, 954, 6984, 3858, 29025, 
15948, 8784, 66987, 36720, 155466, 85050, 362313, 847098, 2892, 21660, 167202, 
11898, 91134, 49854, 387855, 27315, 211500, 115479, 905283, 492939, 268722, 
2119203, 1152522, 4972023, 2701188, 11685870, 27505170>
,
<2, 3, 12, 6, 21, 45, 16, 99, 54, 201, 114, 441, 990, 150, 1044, 576, 324, 2295,
1278, 5193, 2880, 11880, 27405, 1716, 12717, 954, 6984, 3858, 29025, 15948, 
8784, 66987, 36720, 155466, 85050, 362313, 847098, 2892, 21660, 166959, 11898, 
91134, 49854, 387855, 27315, 211500, 115479, 905283, 492939, 268722, 2119203, 
1152522, 4972023, 2701188, 11685870, 27505170>
,
<3, 3, 15, 6, 21, 45, 16, 106, 54, 197, 114, 429, 950, 146, 1005, 550, 317, 
2133, 1213, 4774, 2700, 10770, 24465, 1588, 11348, 900, 6292, 3541, 25445, 
14214, 7974, 58056, 32326, 133132, 73892, 306565, 708498, 2644, 18942, 140912, 
10578, 77764, 43147, 323645, 24006, 178613, 98818, 748257, 411964, 227350, 
1735572, 953498, 4036767, 2213400, 9411570, 21988890>
,
<2, 3, 12, 6, 21, 45, 16, 97, 54, 197, 114, 429, 950, 146, 978, 550, 317, 2133, 
1213, 4774, 2700, 10770, 24465, 1588, 11267, 900, 6292, 3541, 25445, 14214, 
7974, 58056, 32326, 133132, 73892, 306565, 708498, 2644, 18942, 140669, 10578, 
77764, 43147, 323645, 24006, 178613, 98818, 748257, 411964, 227350, 1735572, 
953498, 4036767, 2213400, 9411570, 21988890>
,
<3, 3, 15, 6, 21, 45, 16, 106, 54, 197, 114, 429, 950, 146, 999, 548, 316, 2115,
1206, 4721, 2680, 10620, 24045, 1572, 11088, 894, 6180, 3494, 24741, 13904, 
7840, 56163, 31480, 128082, 71610, 293181, 673218, 2604, 18380, 134022, 10326, 
74526, 41650, 305775, 23329, 170136, 94861, 702075, 389873, 216934, 1616661, 
896154, 3731679, 2065140, 8631630, 20002290>
,
<2, 3, 12, 6, 21, 45, 16, 97, 54, 197, 114, 429, 950, 146, 972, 548, 316, 2115, 
1206, 4721, 2680, 10620, 24045, 1572, 11007, 894, 6180, 3494, 24741, 13904, 
7840, 56163, 31480, 128082, 71610, 293181, 673218, 2604, 18380, 133779, 10326, 
74526, 41650, 305775, 23329, 170136, 94861, 702075, 389873, 216934, 1616661, 
896154, 3731679, 2065140, 8631630, 20002290>
,
<3, 3, 15, 6, 21, 45, 16, 105, 54, 195, 114, 423, 930, 144, 966, 534, 312, 2031,
1170, 4503, 2580, 10050, 22575, 1506, 10398, 864, 5832, 3324, 23025, 13026, 
7404, 51921, 29280, 117690, 66150, 267981, 612738, 2478, 17094, 122802, 9666, 
68514, 38466, 278715, 21660, 155520, 87036, 637359, 354660, 197940, 1463214, 
812154, 3370899, 1866564, 7789950, 18052650>
,
<2, 3, 12, 6, 21, 45, 16, 95, 54, 195, 114, 423, 930, 144, 936, 534, 312, 2031, 
1170, 4503, 2580, 10050, 22575, 1506, 10307, 864, 5832, 3324, 23025, 13026, 
7404, 51921, 29280, 117690, 66150, 267981, 612738, 2478, 17094, 122529, 9666, 
68514, 38466, 278715, 21660, 155520, 87036, 637359, 354660, 197940, 1463214, 
812154, 3370899, 1866564, 7789950, 18052650>
,
<3, 3, 15, 6, 21, 45, 16, 105, 54, 195, 114, 423, 930, 144, 981, 540, 315, 2079,
1191, 4644, 2640, 10440, 23625, 1548, 10983, 882, 6108, 3453, 24627, 13794, 
7770, 56178, 31338, 128760, 71526, 296331, 684558, 2580, 18348, 136332, 10278, 
75282, 41829, 313515, 23316, 173061, 95814, 725625, 399396, 220458, 1684710, 
924924, 3922191, 2148300, 9153270, 21406770>
,
<2, 3, 12, 6, 21, 45, 16, 95, 54, 195, 114, 423, 930, 144, 950, 540, 315, 2079, 
1191, 4644, 2640, 10440, 23625, 1548, 10887, 882, 6108, 3453, 24627, 13794, 
7770, 56178, 31338, 128760, 71526, 296331, 684558, 2580, 18348, 136039, 10278, 
75282, 41829, 313515, 23316, 173061, 95814, 725625, 399396, 220458, 1684710, 
924924, 3922191, 2148300, 9153270, 21406770>
,
<3, 3, 15, 6, 21, 45, 16, 105, 54, 195, 114, 423, 930, 144, 963, 534, 312, 2025,
1170, 4485, 2580, 9990, 22365, 1500, 10233, 864, 5778, 3312, 22599, 12882, 7368,
50751, 28860, 114390, 64890, 258615, 586278, 2460, 16740, 117432, 9540, 66222, 
37548, 264735, 21336, 149454, 84552, 600471, 338340, 191040, 1365390, 767970, 
3111507, 1747116, 7104510, 16250850>
,
<2, 3, 12, 6, 21, 45, 16, 95, 54, 195, 114, 423, 930, 144, 932, 534, 312, 2025, 
1170, 4485, 2580, 9990, 22365, 1500, 10137, 864, 5778, 3312, 22599, 12882, 7368,
50751, 28860, 114390, 64890, 258615, 586278, 2460, 16740, 117139, 9540, 66222, 
37548, 264735, 21336, 149454, 84552, 600471, 338340, 191040, 1365390, 767970, 
3111507, 1747116, 7104510, 16250850>
,
<2, 2, 11, 3, 14, 33, 12, 89, 43, 174, 93, 396, 920, 130, 1026, 542, 302, 2282, 
1250, 5291, 2880, 12305, 28735, 1708, 13372, 927, 7236, 3947, 30902, 16834, 
9196, 72183, 39292, 168966, 91833, 396130, 930132, 2966, 23038, 182084, 12563, 
98827, 53770, 425946, 29244, 231389, 125758, 999767, 542672, 294784, 2349701, 
1274539, 5528537, 2996658, 13020336, 30691122>
,
<2, 2, 10, 3, 14, 33, 12, 86, 43, 174, 93, 396, 920, 130, 1016, 542, 302, 2282, 
1250, 5291, 2880, 12305, 28735, 1708, 13342, 927, 7236, 3947, 30902, 16834, 
9196, 72183, 39292, 168966, 91833, 396130, 930132, 2966, 23038, 181993, 12563, 
98827, 53770, 425946, 29244, 231389, 125758, 999767, 542672, 294784, 2349701, 
1274539, 5528537, 2996658, 13020336, 30691122>
,
<2, 2, 9, 3, 11, 24, 9, 59, 29, 107, 60, 235, 530, 80, 583, 311, 178, 1250, 698,
2847, 1575, 6530, 15085, 937, 7057, 519, 3844, 2124, 16074, 8831, 4874, 37242, 
20412, 86628, 47348, 202104, 472752, 1600, 11998, 93132, 6599, 50733, 27758, 
216633, 15201, 118115, 64483, 506634, 275810, 150363, 1187393, 645603, 2787750, 
1513974, 6554478, 15429876>
,
<2, 2, 10, 3, 12, 27, 10, 68, 33, 124, 69, 274, 620, 92, 670, 359, 206, 1429, 
805, 3235, 1810, 7360, 16835, 1064, 7772, 594, 4287, 2398, 17502, 9757, 5460, 
40080, 22310, 92066, 51135, 211974, 489132, 1794, 12998, 96773, 7250, 53517, 
29733, 222114, 16530, 123024, 68232, 512571, 283506, 157057, 1185164, 654696, 
2744931, 1514394, 6366864, 14788158>
,
<2, 2, 9, 3, 12, 27, 10, 65, 33, 124, 69, 274, 620, 92, 660, 359, 206, 1429, 
805, 3235, 1810, 7360, 16835, 1064, 7742, 594, 4287, 2398, 17502, 9757, 5460, 
40080, 22310, 92066, 51135, 211974, 489132, 1794, 12998, 96682, 7250, 53517, 
29733, 222114, 16530, 123024, 68232, 512571, 283506, 157057, 1185164, 654696, 
2744931, 1514394, 6366864, 14788158>
,
<2, 2, 10, 3, 12, 27, 10, 68, 33, 124, 69, 274, 620, 92, 674, 360, 207, 1440, 
809, 3268, 1820, 7455, 17115, 1074, 7952, 597, 4360, 2426, 17982, 9958, 5542, 
41376, 22866, 95564, 52661, 221382, 514332, 1822, 13384, 101713, 7417, 55791, 
30755, 234904, 16968, 128984, 70940, 545731, 299128, 164274, 1271001, 695597, 
2966523, 1621074, 6936804, 16248078>
,
<2, 2, 9, 3, 12, 27, 10, 65, 33, 124, 69, 274, 620, 92, 664, 360, 207, 1440, 
809, 3268, 1820, 7455, 17115, 1074, 7922, 597, 4360, 2426, 17982, 9958, 5542, 
41376, 22866, 95564, 52661, 221382, 514332, 1822, 13384, 101622, 7417, 55791, 
30755, 234904, 16968, 128984, 70940, 545731, 299128, 164274, 1271001, 695597, 
2966523, 1621074, 6936804, 16248078>
,
<2, 2, 12, 4, 18, 42, 15, 112, 56, 230, 124, 526, 1220, 172, 1348, 720, 398, 
3038, 1662, 7048, 3840, 16400, 38290, 2272, 17772, 1236, 9640, 5258, 41190, 
22436, 12244, 96228, 52372, 225264, 122444, 528150, 1240092, 3941, 30704, 
242610, 16736, 131748, 71674, 567894, 38992, 308490, 167660, 1332978, 723528, 
392980, 3132876, 1699320, 7371294, 3995544, 17360364, 40921188>
,
<2, 2, 10, 3, 13, 30, 11, 75, 37, 142, 78, 316, 720, 105, 784, 420, 240, 1706, 
952, 3898, 2155, 8945, 20650, 1274, 9607, 702, 5250, 2902, 21940, 12076, 6680, 
50802, 27907, 118010, 64638, 274820, 641592, 2181, 16351, 126378, 9008, 69011, 
37836, 293805, 20754, 160518, 87818, 686202, 374305, 204512, 1605861, 874762, 
3764502, 2047878, 8837850, 20776140>
,
<2, 2, 10, 3, 13, 30, 11, 74, 37, 142, 78, 316, 720, 105, 780, 420, 240, 1706, 
952, 3898, 2155, 8945, 20650, 1274, 9592, 702, 5250, 2902, 21940, 12076, 6680, 
50802, 27907, 118010, 64638, 274820, 641592, 2181, 16351, 126328, 9008, 69011, 
37836, 293805, 20754, 160518, 87818, 686202, 374305, 204512, 1605861, 874762, 
3764502, 2047878, 8837850, 20776140>
,
<2, 2, 9, 3, 11, 24, 9, 58, 28, 102, 57, 222, 500, 76, 547, 290, 165, 1151, 642,
2601, 1440, 5945, 13720, 862, 6432, 477, 3498, 1932, 14522, 7980, 4402, 33504, 
18370, 77748, 42525, 181174, 423612, 1455, 10840, 83697, 5958, 45583, 24939, 
193953, 13657, 105768, 57749, 452670, 246489, 134396, 1059636, 576296, 2486064, 
1350594, 5842998, 13752816>
,
<2, 2, 9, 3, 11, 24, 9, 57, 28, 100, 57, 216, 480, 74, 514, 277, 162, 1070, 610,
2392, 1350, 5390, 12250, 798, 5707, 450, 3152, 1774, 12732, 7114, 4000, 29040, 
16176, 66584, 36946, 153300, 354312, 1333, 9481, 70552, 5300, 38898, 21588, 
161848, 12003, 89328, 49422, 374162, 206008, 113724, 867830, 476798, 2018450, 
1106700, 4705848, 10994676>
,
<2, 2, 9, 3, 11, 24, 9, 56, 28, 100, 57, 216, 480, 74, 510, 277, 162, 1070, 610,
2392, 1350, 5390, 12250, 798, 5692, 450, 3152, 1774, 12732, 7114, 4000, 29040, 
16176, 66584, 36946, 153300, 354312, 1333, 9481, 70502, 5300, 38898, 21588, 
161848, 12003, 89328, 49422, 374162, 206008, 113724, 867830, 476798, 2018450, 
1106700, 4705848, 10994676>
,
<2, 2, 9, 3, 11, 24, 9, 57, 28, 100, 57, 216, 480, 74, 511, 276, 161, 1061, 606,
2365, 1340, 5315, 12040, 790, 5577, 447, 3096, 1750, 12380, 6958, 3930, 28092, 
15750, 64056, 35805, 146608, 336672, 1311, 9200, 67107, 5172, 37279, 20837, 
152913, 11664, 85086, 47440, 351066, 194956, 108502, 808365, 448112, 1865892, 
1032570, 4315878, 10001376>
,
<2, 2, 9, 3, 11, 24, 9, 56, 28, 100, 57, 216, 480, 74, 507, 276, 161, 1061, 606,
2365, 1340, 5315, 12040, 790, 5562, 447, 3096, 1750, 12380, 6958, 3930, 28092, 
15750, 64056, 35805, 146608, 336672, 1311, 9200, 67057, 5172, 37279, 20837, 
152913, 11664, 85086, 47440, 351066, 194956, 108502, 808365, 448112, 1865892, 
1032570, 4315878, 10001376>
,
<2, 2, 9, 3, 11, 24, 9, 56, 28, 99, 57, 213, 470, 73, 493, 269, 159, 1019, 588, 
2256, 1290, 5030, 11305, 757, 5227, 432, 2922, 1665, 11522, 6519, 3712, 25971, 
14650, 58860, 33075, 134008, 306432, 1248, 8557, 61482, 4842, 34273, 19245, 
139383, 10830, 77778, 43528, 318708, 177350, 99005, 731642, 406112, 1685502, 
933282, 3895038, 9026556>
,
<2, 2, 9, 3, 11, 24, 9, 56, 28, 99, 57, 213, 470, 73, 500, 272, 161, 1043, 599, 
2327, 1320, 5225, 11830, 778, 5517, 441, 3060, 1730, 12323, 6904, 3898, 28101, 
15682, 64398, 35763, 148183, 342342, 1301, 9184, 68237, 5150, 37657, 20929, 
156783, 11658, 86552, 47920, 362846, 199724, 110278, 842399, 462511, 1961162, 
1074150, 4576698, 10703616>
,
<2, 2, 9, 3, 11, 24, 9, 56, 28, 99, 57, 213, 470, 73, 491, 269, 159, 1016, 588, 
2247, 1290, 5000, 11200, 754, 5142, 432, 2895, 1659, 11309, 6447, 3694, 25386, 
14440, 57210, 32445, 129325, 293202, 1239, 8380, 58787, 4779, 33127, 18786, 
132393, 10668, 74745, 42286, 300264, 169190, 95555, 682730, 384020, 1555806, 
873558, 3552318, 8125656>
,
<2, 2, 11, 4, 15, 33, 12, 89, 44, 176, 97, 400, 920, 133, 1026, 546, 302, 2288, 
1254, 5299, 2895, 12320, 28735, 1714, 13372, 939, 7246, 3959, 30918, 16850, 
9196, 72207, 39307, 168996, 91889, 396186, 930132, 2966, 23057, 182084, 12575, 
98856, 53794, 425991, 29290, 231429, 125804, 999831, 542733, 294784, 2349792, 
1274595, 5528649, 2996868, 13020546, 30691122>
,
<2, 2, 10, 4, 15, 33, 12, 86, 44, 176, 97, 400, 920, 133, 1016, 546, 302, 2288, 
1254, 5299, 2895, 12320, 28735, 1714, 13342, 939, 7246, 3959, 30918, 16850, 
9196, 72207, 39307, 168996, 91889, 396186, 930132, 2966, 23057, 181993, 12575, 
98856, 53794, 425991, 29290, 231429, 125804, 999831, 542733, 294784, 2349792, 
1274595, 5528649, 2996868, 13020546, 30691122>
,
<2, 2, 10, 3, 12, 27, 10, 68, 33, 124, 69, 274, 620, 92, 670, 359, 206, 1429, 
805, 3235, 1810, 7360, 16835, 1064, 7772, 594, 4287, 2398, 17502, 9757, 5460, 
40080, 22310, 92066, 51135, 211974, 489132, 1794, 12998, 96773, 7250, 53517, 
29733, 222114, 16531, 123024, 68233, 512571, 283507, 157057, 1185165, 654696, 
2744931, 1514394, 6366864, 14788158>
,
<2, 2, 9, 3, 12, 27, 10, 65, 33, 124, 69, 274, 620, 92, 660, 359, 206, 1429, 
805, 3235, 1810, 7360, 16835, 1064, 7742, 594, 4287, 2398, 17502, 9757, 5460, 
40080, 22310, 92066, 51135, 211974, 489132, 1794, 12998, 96682, 7250, 53517, 
29733, 222114, 16531, 123024, 68233, 512571, 283507, 157057, 1185165, 654696, 
2744931, 1514394, 6366864, 14788158>
,
<2, 2, 10, 4, 14, 30, 11, 75, 38, 144, 82, 320, 720, 108, 784, 424, 240, 1712, 
956, 3906, 2170, 8960, 20650, 1280, 9607, 714, 5260, 2914, 21956, 12092, 6680, 
50826, 27922, 118040, 64694, 274876, 641592, 2181, 16370, 126378, 9020, 69040, 
37860, 293850, 20800, 160558, 87864, 686266, 374366, 204512, 1605952, 874818, 
3764614, 2048088, 8838060, 20776140>
,
<2, 2, 10, 4, 14, 30, 11, 74, 38, 144, 82, 320, 720, 108, 780, 424, 240, 1712, 
956, 3906, 2170, 8960, 20650, 1280, 9592, 714, 5260, 2914, 21956, 12092, 6680, 
50826, 27922, 118040, 64694, 274876, 641592, 2181, 16370, 126328, 9020, 69040, 
37860, 293850, 20800, 160558, 87864, 686266, 374366, 204512, 1605952, 874818, 
3764614, 2048088, 8838060, 20776140>
,
<2, 2, 9, 3, 11, 24, 9, 57, 28, 100, 57, 216, 480, 74, 511, 276, 161, 1061, 606,
2365, 1340, 5315, 12040, 790, 5577, 447, 3096, 1750, 12380, 6958, 3930, 28092, 
15750, 64056, 35805, 146608, 336672, 1311, 9200, 67107, 5172, 37279, 20837, 
152913, 11665, 85086, 47441, 351066, 194957, 108502, 808366, 448112, 1865892, 
1032570, 4315878, 10001376>
,
<2, 2, 9, 3, 11, 24, 9, 56, 28, 100, 57, 216, 480, 74, 507, 276, 161, 1061, 606,
2365, 1340, 5315, 12040, 790, 5562, 447, 3096, 1750, 12380, 6958, 3930, 28092, 
15750, 64056, 35805, 146608, 336672, 1311, 9200, 67057, 5172, 37279, 20837, 
152913, 11665, 85086, 47441, 351066, 194957, 108502, 808366, 448112, 1865892, 
1032570, 4315878, 10001376>
,
<2, 2, 10, 3, 12, 27, 10, 68, 33, 124, 69, 274, 620, 92, 674, 360, 206, 1440, 
808, 3267, 1820, 7455, 17115, 1074, 7952, 597, 4360, 2425, 17982, 9956, 5536, 
41373, 22860, 95558, 52661, 221382, 514332, 1818, 13384, 101713, 7413, 55791, 
30750, 234904, 16968, 128977, 70934, 545721, 299116, 164246, 1270983, 695569, 
2966495, 1621074, 6936804, 16248078>
,
<2, 2, 9, 3, 12, 27, 10, 65, 33, 124, 69, 274, 620, 92, 664, 360, 206, 1440, 
808, 3267, 1820, 7455, 17115, 1074, 7922, 597, 4360, 2425, 17982, 9956, 5536, 
41373, 22860, 95558, 52661, 221382, 514332, 1818, 13384, 101622, 7413, 55791, 
30750, 234904, 16968, 128977, 70934, 545721, 299116, 164246, 1270983, 695569, 
2966495, 1621074, 6936804, 16248078>
,
<2, 2, 9, 3, 11, 24, 9, 57, 28, 100, 57, 216, 480, 74, 514, 277, 161, 1070, 609,
2391, 1350, 5390, 12250, 798, 5707, 450, 3152, 1773, 12732, 7112, 3994, 29037, 
16170, 66578, 36946, 153300, 354312, 1329, 9481, 70552, 5296, 38898, 21583, 
161848, 12003, 89321, 49416, 374152, 205996, 113696, 867812, 476770, 2018422, 
1106700, 4705848, 10994676>
,
<2, 2, 9, 3, 11, 24, 9, 56, 28, 100, 57, 216, 480, 74, 510, 277, 161, 1070, 609,
2391, 1350, 5390, 12250, 798, 5692, 450, 3152, 1773, 12732, 7112, 3994, 29037, 
16170, 66578, 36946, 153300, 354312, 1329, 9481, 70502, 5296, 38898, 21583, 
161848, 12003, 89321, 49416, 374152, 205996, 113696, 867812, 476770, 2018422, 
1106700, 4705848, 10994676>
,
<2, 2, 9, 4, 13, 27, 10, 59, 32, 112, 67, 240, 520, 83, 534, 302, 178, 1136, 
658, 2513, 1445, 5600, 12565, 846, 5812, 489, 3274, 1869, 12994, 7334, 4164, 
29445, 16537, 67084, 37499, 153566, 353052, 1396, 9683, 70572, 5465, 39224, 
21926, 161709, 12310, 89687, 49924, 372701, 205999, 114240, 862112, 475041, 
2000579, 1099308, 4655574, 10861158>
,
<2, 2, 9, 4, 13, 27, 10, 60, 32, 112, 67, 240, 520, 83, 539, 302, 178, 1136, 
658, 2513, 1445, 5600, 12565, 846, 5832, 489, 3274, 1869, 12994, 7334, 4164, 
29445, 16537, 67084, 37499, 153566, 353052, 1396, 9683, 70642, 5465, 39224, 
21926, 161709, 12310, 89687, 49924, 372701, 205999, 114240, 862112, 475041, 
2000579, 1099308, 4655574, 10861158>
,
<2, 2, 8, 3, 10, 21, 8, 44, 23, 76, 45, 158, 340, 56, 346, 194, 117, 700, 411, 
1516, 880, 3325, 7385, 522, 3432, 303, 1944, 1122, 7482, 4270, 2458, 16704, 
9486, 37604, 21231, 85218, 194292, 844, 5578, 39291, 3183, 22005, 12421, 88792, 
7038, 49672, 27904, 202593, 112888, 63174, 464659, 257999, 1070377, 592326, 
2474892, 5741274>
,
<2, 2, 8, 3, 10, 21, 8, 45, 23, 76, 45, 158, 340, 56, 351, 194, 117, 700, 411, 
1516, 880, 3325, 7385, 522, 3452, 303, 1944, 1122, 7482, 4270, 2458, 16704, 
9486, 37604, 21231, 85218, 194292, 844, 5578, 39361, 3183, 22005, 12421, 88792, 
7038, 49672, 27904, 202593, 112888, 63174, 464659, 257999, 1070377, 592326, 
2474892, 5741274>
,
<2, 2, 8, 3, 10, 21, 8, 44, 23, 76, 45, 158, 340, 56, 344, 193, 116, 693, 407, 
1495, 870, 3270, 7245, 516, 3352, 300, 1905, 1102, 7258, 4159, 2400, 16104, 
9190, 36046, 20475, 81242, 184212, 828, 5402, 37341, 3094, 21041, 11941, 83712, 
6799, 47148, 26649, 189561, 106407, 59947, 431567, 241528, 986853, 550746, 
2264892, 5214594>
,
<2, 2, 8, 3, 10, 21, 8, 45, 23, 76, 45, 158, 340, 56, 349, 193, 116, 693, 407, 
1495, 870, 3270, 7245, 516, 3372, 300, 1905, 1102, 7258, 4159, 2400, 16104, 
9190, 36046, 20475, 81242, 184212, 828, 5402, 37411, 3094, 21041, 11941, 83712, 
6799, 47148, 26649, 189561, 106407, 59947, 431567, 241528, 986853, 550746, 
2264892, 5214594>
,
<2, 2, 8, 3, 10, 21, 8, 48, 24, 84, 48, 180, 400, 63, 432, 232, 133, 901, 506, 
2018, 1125, 4585, 10535, 676, 4942, 378, 2700, 1499, 11098, 6118, 3386, 25497, 
14015, 58992, 32340, 137186, 320292, 1130, 8291, 63451, 4571, 34619, 18979, 
146652, 10423, 80081, 43797, 341621, 186224, 101664, 798608, 434721, 1871849, 
1017702, 4396392, 10342794>
,
<2, 2, 8, 3, 10, 21, 8, 44, 23, 75, 45, 155, 330, 55, 337, 189, 116, 674, 400, 
1454, 850, 3170, 7000, 503, 3277, 294, 1858, 1079, 7112, 4073, 2358, 15861, 
9027, 35672, 20153, 80794, 184212, 815, 5311, 37376, 3044, 20917, 11824, 84492, 
6711, 47244, 26543, 193069, 107443, 60091, 443553, 245826, 1023715, 565194, 
2371992, 5514894>
,
<2, 2, 8, 3, 10, 21, 8, 44, 23, 75, 45, 155, 330, 55, 329, 186, 114, 649, 389, 
1380, 820, 2965, 6440, 481, 2967, 285, 1714, 1013, 6272, 3675, 2170, 13635, 
7960, 29880, 17360, 65926, 146412, 759, 4654, 30271, 2725, 17380, 10078, 66327, 
5865, 38122, 22010, 147139, 84230, 48455, 328471, 187313, 737429, 418908, 
1664082, 3773154>
,
<1, 1, 5, 2, 7, 15, 6, 38, 19, 73, 41, 163, 370, 55, 409, 219, 122, 899, 496, 
2065, 1135, 4775, 11095, 674, 5176, 372, 2812, 1543, 11903, 6504, 3560, 27714, 
15116, 64730, 35252, 151543, 355446, 1158, 8884, 69734, 4857, 37899, 20655, 
162850, 11270, 88552, 48193, 381815, 207398, 112741, 896704, 486640, 2108785, 
1143534, 4964820, 11700150>
,
<1, 1, 6, 2, 9, 21, 8, 56, 28, 115, 62, 263, 610, 86, 674, 360, 199, 1519, 831, 
3524, 1920, 8200, 19145, 1136, 8886, 618, 4820, 2629, 20595, 11218, 6122, 48114,
26186, 112632, 61222, 264075, 620046, 1972, 15352, 121305, 8368, 65874, 35837, 
283947, 19496, 154245, 83830, 666489, 361764, 196490, 1566438, 849660, 3685647, 
1997772, 8680182, 20460594>
,
<1, 1, 7, 2, 9, 21, 8, 58, 28, 115, 62, 263, 610, 86, 681, 360, 199, 1519, 831, 
3524, 1920, 8200, 19145, 1136, 8906, 618, 4820, 2629, 20595, 11218, 6122, 48114,
26186, 112632, 61222, 264075, 620046, 1972, 15352, 121366, 8368, 65874, 35837, 
283947, 19496, 154245, 83830, 666489, 361764, 196490, 1566438, 849660, 3685647, 
1997772, 8680182, 20460594>
,
<1, 1, 7, 3, 12, 27, 10, 72, 37, 153, 84, 351, 810, 115, 891, 480, 263, 2025, 
1107, 4698, 2565, 10935, 25515, 1514, 11826, 828, 6426, 3507, 27459, 14958, 
8154, 64152, 34911, 150174, 81648, 352107, 826686, 2622, 20469, 161676, 11154, 
87831, 47781, 378594, 26010, 205659, 111780, 888651, 482355, 261954, 2088585, 
1132866, 4914189, 2663766, 11573604, 27280638>
,
<1, 1, 5, 2, 7, 15, 6, 36, 18, 67, 38, 147, 330, 50, 357, 192, 108, 765, 426, 
1731, 960, 3960, 9135, 572, 4266, 318, 2328, 1286, 9675, 5316, 2928, 22329, 
12240, 51822, 28350, 120771, 282366, 966, 7220, 55734, 3966, 30378, 16618, 
129285, 9105, 70500, 38493, 301761, 164313, 89574, 706401, 384174, 1657341, 
900396, 3895290, 9168390>
,
<1, 1, 5, 2, 7, 15, 6, 36, 18, 67, 38, 147, 330, 50, 357, 192, 108, 765, 426, 
1731, 960, 3960, 9135, 572, 4266, 318, 2328, 1286, 9675, 5316, 2928, 22329, 
12240, 51822, 28350, 120771, 282366, 966, 7220, 55734, 3966, 30378, 16618, 
129285, 9105, 70500, 38493, 301761, 164313, 89574, 706401, 384174, 1657341, 
900396, 3895290, 9168390>
,
<1, 1, 5, 2, 7, 15, 6, 35, 18, 65, 38, 141, 310, 48, 322, 178, 104, 677, 390, 
1501, 860, 3350, 7525, 502, 3466, 288, 1944, 1108, 7675, 4342, 2468, 17307, 
9760, 39230, 22050, 89327, 204246, 828, 5698, 40934, 3222, 22838, 12822, 92905, 
7220, 51840, 29012, 212453, 118220, 65980, 487738, 270718, 1123633, 622188, 
2596650, 6017550>
,
<1, 1, 5, 2, 7, 15, 6, 34, 18, 65, 38, 141, 310, 48, 319, 178, 104, 677, 390, 
1501, 860, 3350, 7525, 502, 3456, 288, 1944, 1108, 7675, 4342, 2468, 17307, 
9760, 39230, 22050, 89327, 204246, 828, 5698, 40904, 3222, 22838, 12822, 92905, 
7220, 51840, 29012, 212453, 118220, 65980, 487738, 270718, 1123633, 622188, 
2596650, 6017550>
,
<1, 1, 5, 2, 7, 15, 6, 35, 18, 65, 38, 141, 310, 48, 327, 180, 105, 693, 397, 
1548, 880, 3480, 7875, 516, 3661, 294, 2036, 1151, 8209, 4598, 2590, 18726, 
10446, 42920, 23842, 98777, 228186, 862, 6116, 45444, 3426, 25094, 13943, 
104505, 7772, 57687, 31938, 241875, 133132, 73486, 561570, 308308, 1307397, 
716100, 3051090, 7135590>
,
<1, 1, 5, 2, 7, 15, 6, 34, 18, 65, 38, 141, 310, 48, 323, 180, 105, 693, 397, 
1548, 880, 3480, 7875, 516, 3646, 294, 2036, 1151, 8209, 4598, 2590, 18726, 
10446, 42920, 23842, 98777, 228186, 862, 6116, 45394, 3426, 25094, 13943, 
104505, 7772, 57687, 31938, 241875, 133132, 73486, 561570, 308308, 1307397, 
716100, 3051090, 7135590>
,
<1, 1, 5, 2, 7, 15, 6, 35, 18, 65, 38, 141, 310, 48, 321, 178, 104, 675, 390, 
1495, 860, 3330, 7455, 500, 3411, 288, 1926, 1104, 7533, 4294, 2456, 16917, 
9620, 38130, 21630, 86205, 195426, 822, 5580, 39144, 3180, 22074, 12516, 88245, 
7112, 49818, 28184, 200157, 112780, 63680, 455130, 255990, 1037169, 582372, 
2368170, 5416950>
,
<1, 1, 5, 2, 7, 15, 6, 34, 18, 65, 38, 141, 310, 48, 317, 178, 104, 675, 390, 
1495, 860, 3330, 7455, 500, 3396, 288, 1926, 1104, 7533, 4294, 2456, 16917, 
9620, 38130, 21630, 86205, 195426, 822, 5580, 39094, 3180, 22074, 12516, 88245, 
7112, 49818, 28184, 200157, 112780, 63680, 455130, 255990, 1037169, 582372, 
2368170, 5416950>
,
<1, 1, 5, 1, 5, 12, 5, 33, 15, 59, 31, 133, 310, 44, 352, 182, 103, 763, 419, 
1767, 960, 4105, 9590, 572, 4486, 309, 2416, 1318, 10307, 5616, 3074, 24069, 
13106, 56334, 30611, 132055, 310086, 997, 7686, 60779, 4195, 32953, 17933, 
141999, 9748, 77144, 41928, 333278, 180908, 98294, 783263, 424879, 1842890, 
998886, 4340154, 10230528>
,
<1, 1, 5, 1, 6, 15, 6, 40, 19, 77, 40, 175, 410, 57, 457, 240, 135, 1013, 555, 
2350, 1275, 5465, 12775, 758, 5946, 408, 3214, 1751, 13731, 7478, 4090, 32076, 
17461, 75090, 40796, 176043, 413406, 1322, 10235, 80934, 5582, 43917, 23893, 
189300, 12982, 102831, 55880, 444327, 241173, 131026, 1044291, 566454, 2457105, 
1331778, 5786760, 13640550>
,
<1, 1, 4, 1, 4, 9, 4, 22, 10, 35, 19, 75, 170, 26, 190, 98, 57, 386, 216, 870, 
480, 1985, 4585, 290, 2166, 159, 1170, 646, 4847, 2664, 1474, 11175, 6130, 
25926, 14175, 60403, 141246, 492, 3620, 27963, 1992, 15205, 8321, 64668, 4552, 
35268, 19256, 150909, 82176, 44822, 353235, 192122, 828723, 450198, 1947708, 
4584426>
,
<1, 1, 4, 1, 4, 9, 4, 21, 10, 34, 19, 72, 160, 25, 171, 91, 55, 342, 198, 755, 
430, 1680, 3780, 255, 1761, 144, 978, 557, 3847, 2177, 1244, 8664, 4890, 19630, 
11025, 44681, 102186, 423, 2859, 20548, 1620, 11435, 6423, 46478, 3610, 25938, 
14516, 106255, 59130, 33025, 243904, 135394, 561869, 311094, 1298388, 3009006>
,
<1, 1, 4, 1, 4, 9, 4, 21, 10, 34, 19, 72, 160, 25, 173, 92, 56, 350, 202, 779, 
440, 1745, 3955, 262, 1856, 147, 1024, 579, 4114, 2306, 1308, 9375, 5236, 21478,
11921, 49406, 114156, 442, 3068, 22793, 1724, 12563, 6986, 52278, 3886, 28865, 
15982, 120971, 66592, 36792, 280829, 154203, 653765, 358050, 1525608, 3568026>
,
<1, 1, 4, 1, 4, 9, 4, 21, 10, 34, 19, 72, 160, 25, 170, 91, 55, 341, 198, 752, 
430, 1670, 3745, 254, 1731, 144, 969, 555, 3776, 2153, 1238, 8469, 4820, 19080, 
10815, 43120, 97776, 420, 2800, 19643, 1599, 11053, 6270, 44148, 3556, 24927, 
14102, 100107, 56410, 31875, 227600, 128030, 518637, 291186, 1184148, 2708706>
,
<1, 1, 4, 1, 4, 9, 4, 24, 11, 41, 22, 91, 210, 31, 240, 124, 71, 513, 283, 1184,
645, 2745, 6405, 386, 3006, 210, 1618, 885, 6883, 3754, 2058, 16062, 8751, 
37578, 20426, 88067, 206766, 672, 5137, 40563, 2808, 21989, 11973, 94698, 6514, 
51457, 27976, 222229, 120643, 65562, 522235, 283304, 1228675, 665994, 2893548, 
6820506>
,
<1, 1, 3, 1, 3, 6, 3, 14, 7, 23, 13, 49, 110, 18, 125, 66, 39, 263, 147, 601, 
330, 1385, 3220, 200, 1516, 111, 820, 452, 3459, 1892, 1042, 8055, 4396, 18822, 
10241, 44079, 103446, 347, 2588, 20317, 1421, 11025, 6013, 47397, 3280, 25770, 
14024, 111180, 60378, 32830, 261207, 141729, 614460, 333102, 1446942, 3410484>
,
<1, 1, 3, 1, 3, 6, 3, 12, 6, 17, 10, 33, 70, 13, 75, 40, 25, 136, 80, 287, 165, 
625, 1400, 104, 676, 60, 372, 213, 1423, 802, 458, 3168, 1775, 7170, 3990, 
16415, 37926, 167, 1071, 7717, 605, 4241, 2361, 17367, 1318, 9581, 5304, 39860, 
21911, 12090, 92207, 50547, 214508, 117306, 501102, 1174404>
,
<1, 1, 3, 1, 3, 6, 3, 12, 6, 17, 10, 33, 70, 13, 77, 41, 26, 143, 84, 308, 175, 
680, 1540, 110, 746, 63, 408, 232, 1615, 902, 512, 3669, 2036, 8432, 4641, 
19523, 45486, 183, 1218, 9117, 684, 4978, 2751, 20902, 1522, 11451, 6291, 48604,
26542, 14545, 113529, 61859, 266028, 144648, 624792, 1470084>
,
<2, 5, 26, 13, 54, 123, 42, 305, 167, 689, 376, 1579, 3650, 517, 3954, 2160, 
1187, 9113, 4983, 21142, 11535, 49205, 114835, 6814, 53047, 3720, 28918, 15779, 
123567, 67310, 36706, 288684, 157105, 675786, 367388, 1584471, 3720150, 11798, 
92111, 727031, 50198, 395241, 215017, 1703676, 117022, 925467, 503000, 3998931, 
2170593, 1178842, 9398631, 5097918, 22113861, 11986842, 52081176, 122763102>
,
<2, 5, 22, 12, 45, 99, 34, 221, 126, 487, 276, 1087, 2450, 362, 2546, 1428, 807,
5739, 3215, 13042, 7280, 29790, 68355, 4272, 31367, 2388, 17404, 9683, 71871, 
39790, 22090, 165432, 91386, 382148, 210644, 885423, 2056950, 7222, 53476, 
405547, 29602, 223068, 122933, 939463, 67872, 515807, 283682, 2182723, 1196356, 
656802, 5083740, 2782094, 11865693, 6484296, 27746838, 64990926>
,
<2, 3, 14, 7, 28, 63, 22, 155, 85, 347, 190, 793, 1830, 261, 1982, 1084, 597, 
4563, 2497, 10580, 5775, 24615, 57435, 3414, 26537, 1866, 14470, 7899, 61801, 
33670, 18366, 144366, 78573, 337926, 183722, 792281, 1860138, 5910, 46075, 
363551, 25116, 197651, 107535, 851886, 58534, 462775, 251536, 1999531, 1085353, 
589470, 4699405, 2549036, 11057053, 5993526, 26040756, 61381782>
,
<2, 5, 22, 12, 45, 99, 34, 221, 126, 487, 276, 1087, 2450, 362, 2530, 1424, 806,
5695, 3202, 12913, 7240, 29410, 67235, 4232, 30647, 2376, 17112, 9574, 69951, 
38992, 21780, 160257, 89180, 368174, 204540, 847791, 1956150, 7122, 51932, 
385787, 28946, 213972, 118860, 888303, 66121, 491988, 272869, 2050113, 1133905, 
628018, 4740447, 2618574, 10979409, 6057576, 25467078, 59151246>
,
<2, 3, 12, 6, 23, 51, 18, 113, 64, 245, 138, 545, 1230, 182, 1270, 714, 406, 
2851, 1604, 6461, 3620, 14710, 33635, 2120, 15337, 1188, 8562, 4790, 34985, 
19502, 10900, 80139, 44600, 184102, 102270, 423913, 978138, 3570, 25976, 192929,
14482, 107002, 59442, 444177, 33061, 246012, 136445, 1025085, 566973, 314044, 
2370259, 1309322, 5489757, 3028788, 12733602, 29575854>
,
<2, 3, 12, 6, 23, 51, 18, 113, 64, 245, 138, 545, 1230, 182, 1278, 716, 407, 
2873, 1611, 6526, 3640, 14900, 34195, 2140, 15697, 1194, 8708, 4845, 35945, 
19902, 11058, 82728, 45706, 191092, 105322, 442729, 1028538, 3622, 26748, 
202809, 14812, 111550, 61481, 469757, 33936, 257925, 141854, 1091395, 598204, 
328450, 2541914, 1391096, 5932913, 3242148, 13873482, 32495694>
,
<2, 3, 14, 7, 26, 57, 20, 131, 73, 283, 160, 633, 1430, 211, 1510, 840, 473, 
3411, 1901, 7794, 4325, 17895, 41265, 2546, 19037, 1416, 10498, 5809, 43877, 
24154, 13334, 101604, 55803, 236014, 129332, 549661, 1283058, 4340, 32701, 
252221, 18006, 138019, 75667, 587604, 41554, 321033, 175656, 1372401, 748619, 
408926, 3211725, 1749482, 7528983, 4095966, 17675784, 41551818>
,
<2, 3, 12, 6, 21, 45, 16, 95, 54, 197, 114, 429, 950, 146, 970, 550, 317, 2133, 
1213, 4774, 2700, 10770, 24465, 1588, 11237, 900, 6292, 3541, 25445, 14214, 
7974, 58056, 32326, 133132, 73892, 306565, 708498, 2644, 18942, 140569, 10578, 
77764, 43147, 323645, 24006, 178613, 98818, 748257, 411964, 227350, 1735572, 
953498, 4036767, 2213400, 9411570, 21988890>
,
<2, 3, 12, 6, 21, 45, 16, 95, 54, 197, 114, 429, 950, 146, 964, 548, 316, 2115, 
1206, 4721, 2680, 10620, 24045, 1572, 10977, 894, 6180, 3494, 24741, 13904, 
7840, 56163, 31480, 128082, 71610, 293181, 673218, 2604, 18380, 133679, 10326, 
74526, 41650, 305775, 23329, 170136, 94861, 702075, 389873, 216934, 1616661, 
896154, 3731679, 2065140, 8631630, 20002290>
,
<1, 1, 3, 1, 4, 9, 4, 20, 11, 41, 22, 91, 210, 31, 227, 124, 71, 513, 283, 1184,
645, 2745, 6405, 386, 2966, 210, 1618, 885, 6883, 3754, 2058, 16062, 8751, 
37578, 20426, 88067, 206766, 672, 5137, 40442, 2808, 21989, 11973, 94698, 6514, 
51457, 27976, 222229, 120643, 65562, 522235, 283304, 1228675, 665994, 2893548, 
6820506>
];
