L:=[
<3, 4, 14, 8, 22, 40, 18, 84, 50, 150, 92, 288, 570, 118, 607, 364, 222, 1172, 710, 2348, 1420, 4790, 9898, 906, 4993, 548, 2982, 1794, 10112, 6048, 3632, 20884, 12460, 43634, 25956, 91966, 195216, 
1384, 7726, 45009, 4620, 26656, 15850, 93972, 9456, 55574, 32960, 198426, 117040, 69218, 422262, 248402, 904218, 530544, 1946448, 4209084>
,
<3, 3, 12, 6, 15, 25, 13, 60, 33, 92, 56, 167, 320, 75, 373, 216, 131, 662, 401, 1284, 780, 2570, 5243, 521, 2783, 314, 1643, 989, 5411, 3244, 1956, 10986, 6580, 22716, 13566, 47537, 100380, 772, 4167,
23759, 2494, 14038, 8365, 48709, 5008, 28875, 17180, 101983, 60318, 35785, 215860, 127309, 460488, 270816, 988470, 2132856>
,
<2, 3, 8, 4, 12, 23, 10, 44, 26, 77, 46, 147, 295, 60, 308, 184, 114, 590, 358, 1180, 710, 2405, 4984, 456, 2507, 274, 1496, 900, 5065, 3030, 1826, 10454, 6240, 21837, 12978, 46018, 97734, 698, 3870, 
22530, 2316, 13340, 7934, 47007, 4728, 27802, 16490, 99240, 58540, 34644, 211171, 124236, 452179, 265272, 973350, 2105004>
,
<2, 2, 8, 4, 11, 20, 9, 44, 25, 75, 46, 144, 285, 59, 308, 182, 111, 586, 355, 1174, 710, 2395, 4949, 453, 2507, 274, 1491, 897, 5056, 3024, 1816, 10442, 6230, 21817, 12978, 45983, 97608, 692, 3863, 
22530, 2310, 13328, 7925, 46986, 4728, 27787, 16480, 99213, 58520, 34609, 211131, 124201, 452109, 265272, 973224, 2104542>
,
<2, 2, 7, 3, 8, 14, 7, 32, 17, 47, 28, 85, 165, 38, 191, 109, 67, 333, 202, 645, 390, 1290, 2639, 262, 1402, 157, 824, 496, 2710, 1625, 983, 5499, 3295, 11368, 6783, 23786, 50253, 389, 2087, 11905, 
1250, 7025, 4187, 24365, 2504, 14445, 8595, 51005, 30169, 17910, 107950, 63672, 230279, 135408, 494298, 1066659>
];
