L:=[
<4, 6, 25, 14, 44, 86, 36, 197, 114, 386, 226, 792, 1660, 302, 1811, 1048, 612, 
3762, 2182, 7990, 4620, 17176, 37254, 2892, 18370, 1678, 10564, 6098, 39466, 
22664, 13048, 85774, 49124, 187836, 107282, 413784, 916020, 4676, 30010, 199015,
17250, 113574, 64964, 436600, 37236, 248636, 141852, 964290, 547856, 311788, 
2140524, 1213422, 4771350, 2699172, 10673640, 23952060>
,
<2, 4, 13, 6, 22, 46, 20, 99, 58, 194, 110, 396, 840, 150, 907, 524, 312, 1882, 
1094, 3998, 2300, 8588, 18662, 1448, 9188, 830, 5284, 3046, 19736, 11332, 6544, 
42890, 24572, 93928, 53606, 206892, 458136, 2356, 15006, 99515, 8634, 56790, 
32488, 218306, 18588, 124324, 70916, 482154, 273928, 155964, 1070272, 606746, 
2385710, 1349460, 5336820, 11976492>
,
<2, 4, 11, 6, 20, 42, 16, 77, 46, 152, 90, 314, 670, 114, 661, 388, 232, 1370, 
806, 2906, 1700, 6248, 13594, 1036, 6438, 606, 3732, 2174, 13790, 7980, 4640, 
29898, 17252, 65356, 37590, 143808, 318276, 1656, 10410, 68173, 6022, 39074, 
22464, 149224, 12948, 85332, 48920, 328966, 187640, 107300, 729108, 414890, 
1623186, 921564, 3627576, 8135028>
,
<2, 4, 11, 6, 20, 42, 16, 75, 46, 150, 90, 310, 660, 110, 623, 372, 228, 1298, 
778, 2758, 1640, 5920, 12838, 964, 5828, 570, 3428, 2026, 12488, 7332, 4336, 
27040, 15840, 58972, 34426, 129332, 285096, 1524, 9290, 59313, 5450, 34398, 
20028, 129544, 11688, 74960, 43516, 284766, 164368, 95224, 629076, 362278, 
1395490, 801780, 3106776, 6939108>
,
<2, 4, 11, 6, 20, 42, 16, 75, 46, 150, 90, 310, 660, 110, 621, 372, 228, 1296, 
778, 2754, 1640, 5910, 12810, 960, 5768, 570, 3408, 2022, 12376, 7296, 4328, 
26802, 15760, 58420, 34230, 127988, 281736, 1512, 9166, 57953, 5402, 33802, 
19784, 126614, 11604, 73680, 43000, 278174, 161480, 94040, 613792, 355502, 
1359274, 785484, 3019716, 6727908>
,
<3, 4, 15, 8, 24, 46, 20, 105, 60, 198, 116, 402, 840, 156, 923, 532, 312, 1894,
1100, 4010, 2320, 8608, 18662, 1460, 9233, 848, 5304, 3064, 19768, 11356, 6544, 
42926, 24592, 93968, 53676, 206962, 458136, 2356, 15044, 99641, 8652, 56848, 
32524, 218396, 18648, 124384, 70976, 482250, 274008, 155964, 1070392, 606816, 
2385850, 1349712, 5337072, 11976492>
,
<2, 3, 9, 4, 13, 26, 12, 56, 32, 102, 58, 204, 430, 80, 471, 270, 162, 954, 556,
2014, 1160, 4314, 9366, 738, 4642, 424, 2664, 1538, 9903, 5690, 3292, 21484, 
12316, 47014, 26838, 103516, 229194, 1196, 7542, 49891, 4344, 28456, 16286, 
109249, 9324, 62228, 35508, 241182, 137044, 78052, 535266, 303478, 1193030, 
674856, 2668662, 5988708>
,
<2, 3, 8, 4, 12, 24, 10, 45, 26, 81, 48, 163, 345, 62, 348, 202, 122, 698, 412, 
1468, 860, 3144, 6832, 532, 3267, 312, 1888, 1102, 6930, 4014, 2340, 14988, 
8656, 32728, 18830, 71974, 159264, 846, 5244, 34220, 3038, 19598, 11274, 74708, 
6504, 42732, 24510, 164588, 93900, 53720, 364684, 207550, 811768, 460908, 
1814040, 4067976>
,
<2, 3, 8, 4, 12, 24, 10, 44, 26, 80, 48, 161, 340, 60, 329, 194, 120, 662, 398, 
1394, 830, 2980, 6454, 496, 2962, 294, 1736, 1028, 6279, 3690, 2188, 13559, 
7950, 29536, 17248, 64736, 142674, 780, 4684, 29790, 2752, 17260, 10056, 64868, 
5874, 37546, 21808, 142488, 82264, 47682, 314668, 181244, 697920, 401016, 
1553640, 3470016>
,
<2, 3, 8, 4, 12, 24, 10, 44, 26, 80, 48, 161, 340, 60, 328, 194, 120, 661, 398, 
1392, 830, 2975, 6440, 494, 2932, 294, 1726, 1026, 6223, 3672, 2184, 13440, 
7910, 29260, 17150, 64064, 140994, 774, 4622, 29110, 2728, 16962, 9934, 63403, 
5832, 36906, 21550, 139192, 80820, 47090, 307026, 177856, 679812, 392868, 
1510110, 3364416>
,
<4, 5, 21, 11, 32, 59, 26, 137, 77, 245, 145, 484, 990, 191, 1091, 628, 370, 
2161, 1267, 4491, 2630, 9516, 20419, 1654, 10130, 967, 5842, 3401, 21287, 12324,
7164, 45743, 26418, 99390, 57225, 217644, 479514, 2594, 16125, 104555, 9329, 
59895, 34466, 227150, 19898, 130030, 74638, 498897, 284872, 163062, 1102998, 
628215, 2450955, 1392594, 5468916, 12246366>
,
<2, 3, 11, 5, 16, 31, 14, 69, 39, 123, 71, 242, 500, 95, 547, 314, 188, 1081, 
635, 2247, 1310, 4758, 10227, 828, 5068, 479, 2922, 1699, 10645, 6162, 3592, 
22873, 13214, 49700, 28595, 108822, 239820, 1306, 8063, 52285, 4669, 29949, 
17236, 113578, 9934, 65018, 37314, 249453, 142436, 81566, 551504, 314125, 
1225495, 696234, 2734458, 6123414>
,
<2, 3, 9, 5, 14, 27, 12, 53, 31, 95, 57, 188, 390, 73, 397, 232, 140, 783, 465, 
1623, 960, 3438, 7399, 594, 3548, 351, 2062, 1211, 7427, 4330, 2540, 15915, 
9254, 34516, 19999, 75502, 166320, 924, 5597, 35813, 3259, 20601, 11912, 77606, 
6914, 44598, 25716, 170111, 97496, 56058, 375510, 214641, 833397, 475146, 
1857864, 4157670>
,
<2, 3, 9, 5, 14, 27, 12, 51, 31, 93, 57, 184, 380, 71, 371, 222, 138, 737, 447, 
1529, 920, 3230, 6923, 554, 3198, 333, 1890, 1129, 6701, 3966, 2368, 14335, 
8460, 31004, 18221, 67578, 148260, 858, 4997, 31103, 2957, 18113, 10614, 67256, 
6244, 39110, 22838, 146977, 85220, 49628, 323332, 186963, 714985, 412314, 
1587804, 3539250>
,
<2, 3, 9, 5, 14, 27, 12, 51, 31, 93, 57, 184, 380, 71, 369, 222, 138, 735, 447, 
1525, 920, 3220, 6895, 552, 3158, 333, 1878, 1127, 6631, 3944, 2364, 14187, 
8410, 30660, 18095, 66738, 146160, 852, 4931, 30343, 2933, 17787, 10484, 65656, 
6202, 38412, 22560, 143395, 83640, 48980, 315038, 183239, 695345, 403326, 
1540644, 3425070>
,
<3, 3, 13, 6, 17, 31, 14, 75, 40, 125, 74, 245, 500, 98, 563, 318, 188, 1087, 
638, 2253, 1320, 4768, 10227, 834, 5113, 488, 2932, 1708, 10661, 6174, 3592, 
22891, 13224, 49720, 28630, 108857, 239820, 1306, 8082, 52411, 4678, 29978, 
17254, 113623, 9964, 65048, 37344, 249501, 142476, 81566, 551564, 314160, 
1225565, 696360, 2734584, 6123414>
,
<2, 2, 8, 3, 9, 17, 8, 41, 21, 64, 37, 124, 255, 50, 291, 161, 97, 547, 322, 
1131, 660, 2389, 5131, 421, 2582, 244, 1472, 857, 5340, 3093, 1806, 11456, 6622,
24875, 14315, 54446, 119973, 662, 4051, 26276, 2348, 15005, 8639, 56837, 4982, 
32542, 18682, 124779, 71258, 40818, 275817, 157115, 612835, 348180, 1367355, 
3061938>
,
<2, 2, 7, 3, 8, 15, 7, 33, 17, 50, 30, 97, 200, 39, 216, 120, 73, 398, 237, 819,
485, 1729, 3717, 304, 1822, 180, 1042, 613, 3731, 2177, 1280, 7977, 4642, 17283,
10017, 37786, 83223, 471, 2818, 18040, 1643, 10331, 5977, 38851, 3472, 22332, 
12883, 85108, 48788, 28064, 187820, 107373, 416786, 237636, 929058, 2079066>
,
<2, 2, 7, 3, 8, 15, 7, 32, 17, 49, 30, 95, 195, 38, 203, 115, 72, 375, 228, 772,
465, 1625, 3479, 284, 1647, 171, 956, 572, 3368, 1995, 1194, 7187, 4245, 15527, 
9128, 33824, 74193, 438, 2518, 15685, 1492, 9087, 5328, 33676, 3137, 19588, 
11444, 73541, 42650, 24849, 161731, 93534, 357580, 206220, 794028, 1769856>
,
<2, 2, 7, 3, 8, 15, 7, 32, 17, 49, 30, 95, 195, 38, 202, 115, 72, 374, 228, 770,
465, 1620, 3465, 283, 1627, 171, 950, 571, 3333, 1984, 1192, 7113, 4220, 15355, 
9065, 33404, 73143, 435, 2485, 15305, 1480, 8924, 5263, 32876, 3116, 19239, 
11305, 71750, 41860, 24525, 157584, 91672, 347760, 201726, 770448, 1712766>
,
<3, 3, 15, 7, 22, 43, 18, 105, 57, 193, 113, 396, 830, 151, 923, 524, 306, 1881,
1091, 3995, 2310, 8588, 18627, 1446, 9233, 839, 5282, 3049, 19733, 11332, 6524, 
42887, 24562, 93918, 53641, 206892, 458010, 2338, 15005, 99641, 8625, 56787, 
32482, 218300, 18618, 124318, 70926, 482145, 273928, 155894, 1070262, 606711, 
2385675, 1349586, 5336820, 11976030>
,
<2, 2, 9, 3, 11, 23, 10, 56, 29, 97, 55, 198, 420, 75, 471, 262, 156, 941, 547, 
1999, 1150, 4294, 9331, 724, 4642, 415, 2642, 1523, 9868, 5666, 3272, 21445, 
12286, 46964, 26803, 103446, 229068, 1178, 7503, 49891, 4317, 28395, 16244, 
109153, 9294, 62162, 35458, 241077, 136964, 77982, 535136, 303373, 1192855, 
674730, 2668410, 5988246>
,
<2, 2, 8, 3, 10, 21, 8, 45, 23, 76, 45, 157, 335, 57, 348, 194, 116, 685, 403, 
1453, 850, 3124, 6797, 518, 3267, 303, 1866, 1087, 6895, 3990, 2320, 14949, 
8626, 32678, 18795, 71904, 159138, 828, 5205, 34220, 3011, 19537, 11232, 74612, 
6474, 42666, 24460, 164483, 93820, 53650, 364554, 207445, 811593, 460782, 
1813788, 4067514>
,
<2, 2, 8, 3, 10, 21, 8, 44, 23, 75, 45, 155, 330, 55, 329, 186, 114, 649, 389, 
1379, 820, 2960, 6419, 482, 2962, 285, 1714, 1013, 6244, 3666, 2168, 13520, 
7920, 29486, 17213, 64666, 142548, 762, 4645, 29790, 2725, 17199, 10014, 64772, 
5844, 37480, 21758, 142383, 82184, 47612, 314538, 181139, 697745, 400890, 
1553388, 3469554>
,
<2, 2, 8, 3, 10, 21, 8, 44, 23, 75, 45, 155, 330, 55, 328, 186, 114, 648, 389, 
1377, 820, 2955, 6405, 480, 2932, 285, 1704, 1011, 6188, 3648, 2164, 13401, 
7880, 29210, 17115, 63994, 140868, 756, 4583, 29110, 2701, 16901, 9892, 63307, 
5802, 36840, 21500, 139087, 80740, 47020, 306896, 177751, 679637, 392742, 
1509858, 3363954>
,
<2, 3, 13, 7, 22, 43, 18, 99, 57, 193, 113, 396, 830, 151, 907, 524, 306, 1881, 
1091, 3995, 2310, 8588, 18627, 1446, 9188, 839, 5282, 3049, 19733, 11332, 6524, 
42887, 24562, 93918, 53641, 206892, 458010, 2338, 15005, 99515, 8625, 56787, 
32482, 218300, 18618, 124318, 70926, 482145, 273928, 155894, 1070262, 606711, 
2385675, 1349586, 5336820, 11976030>
,
<2, 3, 9, 5, 14, 27, 14, 57, 35, 107, 63, 212, 440, 87, 479, 282, 172, 977, 575,
2051, 1190, 4370, 9443, 764, 4688, 447, 2714, 1579, 10005, 5770, 3352, 21647, 
12438, 47264, 27027, 103894, 229740, 1242, 7647, 50123, 4429, 28669, 16452, 
109696, 9454, 62566, 35762, 241889, 137564, 78430, 536356, 304269, 1194695, 
676074, 2671194, 5992470>
,
<2, 3, 9, 5, 14, 27, 12, 51, 31, 93, 57, 184, 380, 73, 381, 228, 140, 761, 457, 
1579, 940, 3340, 7175, 586, 3438, 351, 2018, 1195, 7249, 4242, 2500, 15555, 
9058, 33740, 19551, 73794, 162540, 924, 5509, 35093, 3227, 20245, 11736, 76316, 
6834, 43878, 25324, 167471, 95944, 55162, 369882, 211225, 821205, 467586, 
1831284, 4099590>
,
<2, 2, 9, 4, 12, 23, 10, 56, 30, 99, 58, 201, 420, 78, 471, 266, 156, 947, 550, 
2005, 1160, 4304, 9331, 730, 4642, 424, 2652, 1532, 9884, 5678, 3272, 21463, 
12296, 46984, 26838, 103481, 229068, 1178, 7522, 49891, 4326, 28424, 16262, 
109198, 9324, 62192, 35488, 241125, 137004, 77982, 535196, 303408, 1192925, 
674856, 2668536, 5988246>
,
<2, 2, 7, 3, 8, 15, 8, 35, 19, 56, 33, 109, 225, 46, 257, 145, 89, 495, 292, 
1033, 600, 2195, 4739, 389, 2392, 228, 1368, 797, 5020, 2897, 1686, 10843, 6234,
23657, 13531, 51982, 114933, 630, 3843, 25195, 2228, 14365, 8247, 54896, 4742, 
31316, 17906, 120997, 68822, 39250, 268243, 152187, 597435, 338100, 1335723, 
2996466>
,
<2, 2, 7, 3, 8, 15, 7, 32, 17, 49, 30, 95, 195, 39, 208, 118, 73, 387, 233, 797,
475, 1680, 3605, 300, 1767, 180, 1020, 605, 3642, 2133, 1260, 7797, 4544, 16895,
9793, 36932, 81333, 471, 2774, 17680, 1627, 10153, 5889, 38206, 3432, 21972, 
12687, 83788, 48012, 27616, 185006, 105665, 410690, 233856, 915768, 2050026>
];
