L:=[
<4, 5, 21, 11, 32, 58, 26, 137, 77, 241, 142, 464, 925, 191, 1059, 612, 360, 
2037, 1198, 4102, 2415, 8436, 17598, 1586, 9250, 930, 5382, 3154, 18775, 10976, 
6434, 39030, 22793, 82221, 47922, 174888, 374850, 2444, 14433, 88075, 8430, 
51127, 29780, 184830, 17385, 107300, 62411, 393102, 227796, 132232, 843417, 
487746, 1821942, 1051470, 3957840, 8638740>
,
<2, 3, 11, 5, 16, 30, 14, 69, 39, 121, 70, 232, 465, 95, 531, 306, 182, 1019, 
600, 2052, 1205, 4218, 8806, 794, 4628, 462, 2692, 1576, 9389, 5488, 3222, 
19516, 11399, 41113, 23954, 87444, 187446, 1228, 7217, 44045, 4218, 25565, 
14892, 92418, 8685, 53652, 31203, 196554, 113898, 66130, 421711, 243880, 910978,
525714, 1978920, 4319436>
,
<2, 3, 9, 5, 14, 26, 12, 53, 31, 93, 56, 178, 355, 73, 385, 226, 136, 735, 438, 
1470, 875, 3008, 6258, 570, 3238, 338, 1898, 1122, 6533, 3844, 2272, 13514, 
7939, 28359, 16618, 60144, 128646, 872, 5013, 30163, 2946, 17575, 10282, 63056, 
6033, 36728, 21447, 133698, 77710, 45274, 286155, 165942, 616950, 356958, 
1338156, 2917332>
,
<2, 3, 9, 5, 14, 26, 12, 51, 31, 91, 56, 174, 345, 71, 359, 216, 134, 689, 420, 
1376, 835, 2800, 5782, 532, 2908, 322, 1736, 1046, 5861, 3506, 2112, 12072, 
7205, 25187, 14980, 53060, 112686, 812, 4477, 26103, 2678, 15411, 9148, 54346, 
5451, 32050, 18971, 114622, 67414, 39794, 243903, 143052, 522702, 305718, 
1126896, 2442132>
,
<2, 3, 9, 5, 14, 26, 12, 51, 31, 91, 56, 174, 345, 71, 357, 216, 134, 687, 420, 
1372, 835, 2790, 5754, 530, 2868, 322, 1724, 1044, 5791, 3484, 2108, 11924, 
7155, 24843, 14854, 52220, 110586, 808, 4417, 25403, 2658, 15113, 9032, 52896, 
5415, 31418, 18721, 111406, 65984, 39206, 236497, 139678, 505246, 297570, 
1085196, 2341812>
,
<3, 3, 13, 6, 17, 30, 14, 75, 40, 123, 72, 234, 465, 98, 547, 310, 182, 1025, 
602, 2056, 1210, 4223, 8806, 800, 4673, 468, 2702, 1582, 9405, 5496, 3222, 
19528, 11404, 41123, 23968, 87458, 187446, 1228, 7236, 44171, 4224, 25594, 
14904, 92463, 8700, 53672, 31218, 196586, 113918, 66130, 421741, 243894, 911006,
525756, 1978962, 4319436>
,
<2, 2, 8, 3, 9, 16, 8, 41, 21, 63, 36, 118, 235, 50, 283, 157, 93, 516, 303, 
1031, 605, 2114, 4410, 404, 2362, 234, 1357, 793, 4712, 2752, 1616, 9771, 5707, 
20569, 11984, 43736, 93744, 620, 3628, 22156, 2118, 12813, 7460, 46257, 4350, 
26848, 15614, 98312, 56969, 33079, 210888, 121961, 455524, 262878, 989502, 
2159784>
,
<2, 2, 7, 3, 8, 14, 7, 33, 17, 49, 29, 91, 180, 39, 210, 117, 70, 374, 222, 740,
440, 1509, 3136, 292, 1667, 172, 960, 566, 3284, 1930, 1141, 6770, 3977, 14192, 
8316, 30086, 64344, 442, 2526, 15215, 1482, 8818, 5155, 31576, 3024, 18386, 
10736, 66884, 38875, 22651, 143110, 82992, 308510, 178500, 669120, 1458732>
,
<2, 2, 7, 3, 8, 14, 7, 32, 17, 48, 29, 89, 175, 38, 197, 112, 69, 351, 213, 693,
420, 1405, 2898, 273, 1502, 164, 879, 528, 2948, 1761, 1061, 6049, 3610, 12606, 
7497, 26544, 56364, 412, 2258, 13185, 1348, 7736, 4588, 27221, 2733, 16047, 
9498, 57346, 33727, 19911, 121984, 71547, 261386, 152880, 563490, 1221132>
,
<2, 2, 7, 3, 8, 14, 7, 32, 17, 48, 29, 89, 175, 38, 196, 112, 69, 350, 213, 691,
420, 1400, 2884, 272, 1482, 164, 873, 527, 2913, 1750, 1059, 5975, 3585, 12434, 
7434, 26124, 55314, 410, 2228, 12835, 1338, 7587, 4530, 26496, 2715, 15731, 
9373, 55738, 33012, 19617, 118281, 69860, 252658, 148806, 542640, 1170972>
];
