L:=[
<6, 9, 45, 24, 81, 162, 65, 405, 225, 810, 459, 1701, 3645, 633, 4131, 2322, 
1314, 8748, 4941, 18954, 10692, 41553, 91854, 6723, 45684, 3798, 25677, 14472, 
99873, 56133, 31590, 220887, 123930, 492075, 275562, 1102248, 2480058, 11076, 
75951, 532899, 42714, 298404, 167346, 1187541, 93960, 664119, 371790, 2663766, 
1487160, 831060, 6003315, 3346110, 13581270, 7558272, 30823578, 70150212>
,
<4, 5, 25, 12, 41, 82, 33, 209, 113, 406, 229, 851, 1825, 317, 2083, 1162, 658, 
4376, 2471, 9478, 5344, 20777, 45934, 3363, 22890, 1898, 12841, 7236, 49941, 
28067, 15798, 110445, 61966, 246039, 137774, 551124, 1240050, 5540, 37979, 
266583, 21358, 149208, 83674, 593781, 46976, 332061, 185894, 1331886, 743580, 
415540, 3001659, 1673058, 6790638, 3779112, 15411786, 35075172>
,
<2, 3, 15, 8, 27, 54, 23, 135, 75, 270, 153, 567, 1215, 211, 1377, 774, 438, 
2916, 1647, 6318, 3564, 13851, 30618, 2241, 15228, 1266, 8559, 4824, 33291, 
18711, 10530, 73629, 41310, 164025, 91854, 367416, 826686, 3696, 25317, 177633, 
14238, 99468, 55782, 395847, 31320, 221373, 123930, 887922, 495720, 277020, 
2001105, 1115370, 4527090, 2519424, 10274526, 23383404>
,
<2, 3, 13, 6, 21, 42, 17, 105, 57, 204, 115, 427, 915, 159, 1043, 582, 330, 
2190, 1237, 4742, 2674, 10393, 22974, 1683, 11448, 950, 6423, 3620, 24975, 
14037, 7902, 55229, 30988, 123029, 68894, 275576, 620046, 2772, 18993, 133299, 
10682, 74610, 41842, 296901, 23492, 166039, 92954, 665958, 371802, 207780, 
1500851, 836546, 3395350, 1889580, 7705938, 17537652>
,
<2, 3, 11, 6, 19, 38, 15, 83, 47, 162, 95, 337, 715, 123, 769, 438, 254, 1608, 
925, 3458, 1984, 7523, 16506, 1221, 8078, 700, 4579, 2612, 17543, 9953, 5666, 
38607, 21850, 85597, 48314, 190876, 427686, 1984, 13273, 91677, 7526, 51592, 
29118, 203559, 16472, 114399, 64418, 455226, 255284, 143420, 1023081, 572534, 
2308602, 1289400, 5227374, 11871948>
,
<3, 3, 15, 6, 21, 42, 17, 111, 57, 204, 114, 426, 915, 159, 1059, 582, 330, 
2190, 1236, 4740, 2670, 10389, 22974, 1683, 11493, 948, 6423, 3618, 24975, 
14034, 7902, 55224, 30984, 123021, 68880, 275562, 620046, 2772, 18993, 133425, 
10680, 74610, 41838, 296901, 23484, 166032, 92946, 665946, 371790, 207780, 
1500831, 836532, 3395322, 1889532, 7705890, 17537652>
,
<2, 2, 10, 4, 14, 28, 12, 74, 38, 136, 76, 284, 610, 106, 706, 388, 220, 1460, 
824, 3160, 1780, 6926, 15316, 1122, 7662, 632, 4282, 2412, 16650, 9356, 5268, 
36816, 20656, 82014, 45920, 183708, 413364, 1850, 12662, 88950, 7120, 49740, 
27892, 197934, 15656, 110688, 61964, 443964, 247860, 138520, 1000554, 557688, 
2263548, 1259688, 5137260, 11691768>
,
<2, 2, 9, 3, 11, 22, 9, 59, 29, 103, 57, 214, 460, 80, 539, 292, 166, 1097, 619,
2372, 1335, 5197, 11494, 843, 5772, 474, 3214, 1810, 12492, 7019, 3954, 27616, 
15495, 61516, 34440, 137788, 310044, 1388, 9500, 66783, 5342, 37311, 20922, 
148461, 11742, 83021, 46476, 332982, 185901, 103900, 750427, 418276, 1697678, 
944766, 3852966, 8768892>
,
<2, 2, 8, 3, 10, 20, 8, 48, 24, 82, 47, 169, 360, 62, 402, 220, 128, 806, 463, 
1730, 990, 3762, 8260, 612, 4087, 349, 2292, 1306, 8776, 4977, 2836, 19305, 
10926, 42800, 24150, 95438, 213864, 994, 6640, 45972, 3764, 25802, 14560, 
101790, 8232, 57201, 32208, 227616, 127642, 71720, 511542, 286270, 1154304, 
644676, 2613684, 5936040>
,
<1, 1, 5, 2, 7, 14, 7, 37, 19, 68, 38, 142, 305, 53, 353, 194, 110, 730, 412, 
1580, 890, 3463, 7658, 561, 3831, 316, 2141, 1206, 8325, 4678, 2634, 18408, 
10328, 41007, 22960, 91854, 206682, 928, 6331, 44475, 3560, 24870, 13946, 98967,
7828, 55344, 30982, 221982, 123930, 69260, 500277, 278844, 1131774, 629844, 
2568630, 5845884>
,
<1, 1, 4, 1, 4, 8, 4, 22, 10, 35, 19, 72, 155, 27, 186, 98, 56, 367, 207, 792, 
445, 1734, 3836, 282, 1941, 158, 1073, 604, 4167, 2341, 1320, 9208, 5167, 20509,
11480, 45934, 103362, 466, 3169, 22308, 1782, 12441, 6976, 49494, 3914, 27677, 
15494, 111000, 61971, 34640, 250150, 139432, 565904, 314922, 1284336, 2923008>
];
