L:=[
<3, 3, 12, 6, 15, 24, 13, 60, 33, 90, 54, 156, 285, 75, 363, 210, 126, 618, 372, 1140, 690, 2175, 4242, 501, 2553, 300, 1509, 906, 4719, 2832, 1707, 9114, 5475, 17994, 10794, 36078, 73206, 728, 3747, 
20109, 2244, 11946, 7146, 39189, 4290, 23382, 13989, 78294, 46662, 27870, 158748, 94416, 325458, 193116, 673218, 1403028>
,
<2, 2, 7, 3, 8, 13, 7, 32, 17, 46, 27, 79, 145, 38, 186, 106, 64, 311, 187, 572, 345, 1090, 2128, 252, 1287, 150, 757, 454, 2364, 1418, 856, 4561, 2740, 9002, 5397, 18046, 36624, 366, 1877, 10080, 
1124, 5979, 3576, 19605, 2145, 11696, 6997, 39156, 23336, 13942, 79384, 47215, 162743, 96558, 336630, 701580>
,
<1, 1, 4, 2, 5, 8, 5, 20, 11, 30, 18, 52, 95, 25, 121, 70, 42, 206, 124, 380, 230, 725, 1414, 167, 851, 100, 503, 302, 1573, 944, 569, 3038, 1825, 5998, 3598, 12026, 24402, 244, 1249, 6703, 748, 3982, 
2382, 13063, 1430, 7794, 4663, 26098, 15554, 9290, 52916, 31472, 108486, 64372, 224406, 467676>
,
<1, 1, 3, 1, 3, 5, 3, 12, 6, 16, 9, 27, 50, 13, 65, 36, 22, 105, 63, 192, 115, 365, 714, 85, 436, 50, 254, 152, 791, 474, 287, 1523, 915, 3004, 1799, 6020, 12222, 124, 628, 3377, 376, 1997, 1194, 6542,
715, 3902, 2334, 13058, 7782, 4652, 26468, 15743, 54257, 32186, 112224, 233904>
];
