L:=[
<3, 6, 21, 12, 42, 90, 32, 183, 108, 390, 228, 846, 1860, 288, 1845, 1068, 624, 4050, 2340, 8970, 5160, 19980, 44730, 3000, 20223, 1728, 11556, 6624, 45198, 25764, 14736, 101502, 57720, 228780, 129780, 517230, 1172556, 4920, 33480, 234129, 19080, 132444, 75096, 529458, 42672, 298908, 169104, 1200906, 676680, 382080, 2730660, 1535940, 6222594, 3494232, 14207508, 32496156>
,
<3, 5, 17, 10, 31, 63, 24, 123, 74, 249, 150, 525, 1130, 184, 1089, 642, 384, 2331, 1374, 5083, 2980, 11190, 24815, 1716, 11043, 1008, 6390, 3720, 24393, 14078, 8168, 54345, 31260, 121730, 69790, 273805, 618030, 2748, 17964, 122489, 10356, 69810, 39940, 275515, 22936, 156642, 89352, 622467, 353020, 200840, 1410910, 798350, 3206651, 1810620, 7304850, 16674966>
,
<3, 4, 15, 8, 24, 48, 20, 105, 60, 204, 120, 432, 940, 156, 963, 552, 324, 2052, 1188, 4512, 2600, 10020, 22400, 1536, 10233, 888, 5832, 3348, 22680, 12936, 7408, 50832, 28920, 114480, 64960, 258720, 586404, 2508, 16848, 117429, 9612, 66384, 37656, 264972, 21416, 149616, 84672, 600696, 338520, 191180, 1365600, 768180, 3111612, 1747368, 7104132, 16248540>
,
<3, 3, 15, 6, 21, 45, 16, 105, 54, 195, 114, 423, 930, 144, 963, 534, 312, 2025, 1170, 4485, 2580, 9990, 22365, 1500, 10233, 864, 5778, 3312, 22599, 12882, 7368, 50751, 28860, 114390, 64890, 258615, 586278, 2460, 16740, 117429, 9540, 66222, 37548, 264729, 21336, 149454, 84552, 600453, 338340, 191040, 1365330, 767970, 3111297, 1747116, 7103754, 16248078>
,
<2, 4, 12, 6, 22, 48, 18, 95, 56, 198, 114, 426, 940, 146, 932, 538, 318, 2032, 1176, 4494, 2580, 10000, 22400, 1508, 10137, 864, 5790, 3318, 22618, 12894, 7388, 50772, 28880, 114420, 64890, 258650, 586404, 2478, 16760, 117135, 9558, 66254, 37572, 264780, 21336, 149490, 84572, 600510, 338380, 191110, 1365400, 768040, 3111402, 1747116, 7103880, 16248540>
,
<2, 3, 12, 6, 21, 45, 16, 95, 54, 195, 114, 423, 930, 144, 932, 534, 312, 2025, 1170, 4485, 2580, 9990, 22365, 1500, 10137, 864, 5778, 3312, 22599, 12882, 7368, 50751, 28860, 114390, 64890, 258615, 586278, 2460, 16740, 117135, 9540, 66222, 37548, 264729, 21336, 149454, 84552, 600453, 338340, 191040, 1365330, 767970, 3111297, 1747116, 7103754, 16248078>
,
<1, 2, 7, 4, 14, 30, 12, 61, 36, 130, 76, 282, 620, 96, 615, 356, 208, 1350, 780, 2990, 1720, 6660, 14910, 1000, 6741, 576, 3852, 2208, 15066, 8588, 4912, 33834, 19240, 76260, 43260, 172410, 390852, 1644, 11160, 78043, 6360, 44148, 25032, 176486, 14224, 99636, 56368, 400302, 225560, 127360, 910220, 511980, 2074198, 1164744, 4735836, 10832052>
,
<2, 3, 8, 4, 13, 27, 10, 53, 30, 103, 60, 219, 480, 78, 482, 276, 162, 1027, 594, 2259, 1300, 5020, 11235, 768, 5117, 444, 2916, 1674, 11341, 6468, 3704, 25419, 14460, 57250, 32480, 129395, 293328, 1254, 8424, 58715, 4806, 33192, 18828, 132487, 10708, 74808, 42336, 300351, 169260, 95590, 682810, 384090, 1555841, 873684, 3552192, 8124732>
,
<2, 2, 8, 4, 12, 24, 10, 53, 30, 102, 60, 216, 470, 78, 482, 276, 162, 1026, 594, 2256, 1300, 5010, 11200, 768, 5117, 444, 2916, 1674, 11340, 6468, 3704, 25416, 14460, 57240, 32480, 129360, 293202, 1254, 8424, 58715, 4806, 33192, 18828, 132486, 10708, 74808, 42336, 300348, 169260, 95590, 682800, 384090, 1555806, 873684, 3552066, 8124270>
,
<3, 4, 14, 8, 22, 42, 18, 84, 50, 156, 96, 318, 670, 118, 648, 384, 234, 1332, 798, 2854, 1700, 6210, 13650, 984, 6048, 588, 3528, 2082, 13134, 7664, 4504, 29010, 16860, 64580, 37380, 144550, 324954, 1542, 9648, 64139, 5622, 36780, 21220, 143272, 12308, 81996, 47136, 322362, 183940, 105390, 728380, 414470, 1651160, 937188, 3753162, 8551158>
,
<3, 3, 13, 6, 17, 33, 14, 75, 40, 129, 78, 267, 570, 98, 585, 330, 198, 1179, 696, 2555, 1500, 5610, 12425, 876, 5643, 516, 3222, 1878, 12237, 7066, 4104, 27213, 15660, 60910, 34930, 136955, 309078, 1398, 9036, 61609, 5214, 34986, 20024, 137879, 11508, 78402, 44736, 311355, 176600, 100490, 705590, 399280, 1603483, 905436, 3652614, 8337714>
,
<3, 3, 12, 6, 15, 27, 14, 66, 36, 111, 66, 225, 480, 90, 522, 294, 174, 1053, 612, 2283, 1320, 5040, 11235, 804, 5238, 468, 2970, 1710, 11421, 6522, 3744, 25497, 14520, 57330, 32550, 129465, 293328, 1302, 8532, 59079, 4878, 33354, 18936, 132729, 10788, 74970, 42456, 300591, 169440, 95730, 683070, 384300, 1556121, 873936, 3552444, 8124732>
,
<2, 3, 10, 5, 16, 33, 13, 65, 38, 126, 75, 264, 570, 93, 554, 323, 195, 1169, 690, 2546, 1490, 5600, 12425, 862, 5547, 504, 3201, 1863, 12206, 7045, 4094, 27183, 15640, 60880, 34895, 136920, 309078, 1383, 8992, 61315, 5187, 34921, 19982, 137783, 11468, 78339, 44686, 311262, 176530, 100455, 705490, 399210, 1603378, 905310, 3652488, 8337714>
,
<2, 3, 9, 4, 13, 27, 12, 56, 32, 105, 60, 219, 480, 80, 491, 280, 168, 1033, 600, 2265, 1300, 5020, 11235, 776, 5142, 444, 2928, 1680, 11359, 6480, 3724, 25437, 14480, 57270, 32480, 129395, 293328, 1272, 8444, 58785, 4824, 33224, 18852, 132537, 10708, 74844, 42356, 300405, 169300, 95660, 682870, 384160, 1555911, 873684, 3552192, 8124732>
,
<2, 2, 9, 4, 12, 24, 10, 56, 30, 102, 60, 216, 470, 78, 491, 276, 162, 1026, 594, 2256, 1300, 5010, 11200, 768, 5142, 444, 2916, 1674, 11340, 6468, 3704, 25416, 14460, 57240, 32480, 129360, 293202, 1254, 8424, 58785, 4806, 33192, 18828, 132486, 10708, 74808, 42336, 300348, 169260, 95590, 682800, 384090, 1555806, 873684, 3552066, 8124270>
,
<2, 2, 9, 3, 11, 24, 9, 56, 28, 99, 57, 213, 470, 73, 491, 269, 159, 1016, 588, 2247, 1290, 5000, 11200, 754, 5142, 432, 2895, 1659, 11309, 6447, 3694, 25386, 14440, 57210, 32445, 129325, 293202, 1239, 8380, 58785, 4779, 33127, 18786, 132390, 10668, 74745, 42286, 300255, 169190, 95555, 682700, 384020, 1555701, 873558, 3551940, 8124270>
,
<1, 1, 5, 2, 7, 15, 6, 35, 18, 65, 38, 141, 310, 48, 321, 178, 104, 675, 390, 1495, 860, 3330, 7455, 500, 3411, 288, 1926, 1104, 7533, 4294, 2456, 16917, 9620, 38130, 21630, 86205, 195426, 822, 5580, 39143, 3180, 22074, 12516, 88243, 7112, 49818, 28184, 200151, 112780, 63680, 455110, 255990, 1037099, 582372, 2367918, 5416026>
,
<1, 2, 5, 2, 8, 18, 8, 34, 20, 68, 38, 144, 320, 50, 317, 182, 110, 682, 396, 1504, 860, 3340, 7490, 508, 3396, 288, 1938, 1110, 7552, 4306, 2476, 16938, 9640, 38160, 21630, 86240, 195552, 840, 5600, 39092, 3198, 22106, 12540, 88294, 7112, 49854, 28204, 200208, 112820, 63750, 455180, 256060, 1037204, 582372, 2368044, 5416488>
,
<1, 1, 5, 2, 7, 15, 6, 34, 18, 65, 38, 141, 310, 48, 317, 178, 104, 675, 390, 1495, 860, 3330, 7455, 500, 3396, 288, 1926, 1104, 7533, 4294, 2456, 16917, 9620, 38130, 21630, 86205, 195426, 822, 5580, 39092, 3180, 22074, 12516, 88243, 7112, 49818, 28184, 200151, 112780, 63680, 455110, 255990, 1037099, 582372, 2367918, 5416026>
,
<2, 2, 7, 3, 9, 18, 7, 38, 20, 65, 39, 135, 290, 49, 293, 165, 99, 590, 348, 1279, 750, 2810, 6230, 438, 2822, 258, 1611, 939, 6119, 3533, 2052, 13608, 7830, 30460, 17465, 68495, 154602, 699, 4518, 30805, 2607, 17493, 10012, 68940, 5754, 39201, 22368, 155679, 88300, 50245, 352800, 199640, 801759, 452718, 1826370, 4169088>
,
<3, 3, 12, 6, 15, 27, 13, 60, 33, 96, 60, 189, 390, 75, 396, 228, 141, 756, 459, 1590, 960, 3420, 7455, 564, 3348, 342, 1944, 1161, 7056, 4158, 2472, 15444, 9060, 34170, 19950, 76125, 170478, 867, 5184, 33699, 3051, 19368, 11262, 74454, 6594, 42876, 24828, 166806, 95730, 55215, 375720, 214935, 849576, 484596, 1927044, 4382532>
,
<2, 2, 8, 3, 9, 18, 8, 41, 21, 66, 39, 135, 290, 50, 302, 167, 102, 593, 351, 1282, 750, 2810, 6230, 442, 2847, 258, 1617, 942, 6128, 3539, 2062, 13617, 7840, 30470, 17465, 68495, 154602, 708, 4528, 30875, 2616, 17509, 10024, 68965, 5754, 39219, 22378, 155706, 88320, 50280, 352830, 199675, 801794, 452718, 1826370, 4169088>
,
<2, 3, 8, 4, 12, 24, 10, 44, 26, 80, 48, 162, 345, 60, 329, 194, 120, 670, 402, 1433, 850, 3115, 6860, 496, 3037, 294, 1770, 1044, 6577, 3838, 2262, 14517, 8440, 32310, 18690, 72310, 162603, 780, 4834, 32105, 2820, 18406, 10622, 71662, 6154, 41016, 23578, 161211, 91990, 52730, 364230, 207270, 825650, 468594, 1876707, 4276041>
,
<2, 2, 7, 3, 8, 15, 8, 35, 19, 57, 33, 114, 245, 46, 266, 149, 90, 530, 309, 1146, 660, 2525, 5635, 406, 2632, 234, 1491, 858, 5720, 3267, 1882, 12759, 7270, 28680, 16275, 64750, 146727, 660, 4276, 29575, 2448, 16693, 9480, 66390, 5394, 37503, 21238, 150324, 84740, 47900, 341570, 192185, 778113, 436968, 1776285, 4062597>
,
<2, 2, 8, 4, 11, 21, 9, 44, 25, 78, 48, 159, 335, 59, 329, 192, 117, 666, 399, 1427, 850, 3105, 6825, 492, 3037, 294, 1764, 1041, 6567, 3832, 2252, 14505, 8430, 32290, 18690, 72275, 162477, 771, 4824, 32105, 2811, 18390, 10610, 71636, 6154, 40998, 23568, 161181, 91970, 52695, 364190, 207235, 825580, 468594, 1876581, 4275579>
,
<2, 2, 7, 3, 8, 15, 7, 35, 18, 56, 33, 114, 245, 45, 266, 147, 87, 527, 306, 1143, 660, 2525, 5635, 402, 2632, 234, 1485, 855, 5711, 3261, 1872, 12750, 7260, 28670, 16275, 64750, 146727, 651, 4266, 29575, 2439, 16677, 9468, 66365, 5394, 37485, 21228, 150297, 84720, 47865, 341540, 192150, 778078, 436968, 1776285, 4062597>
,
<1, 1, 4, 1, 4, 9, 4, 21, 10, 34, 19, 72, 160, 25, 170, 91, 55, 341, 198, 752, 430, 1670, 3745, 254, 1731, 144, 969, 555, 3776, 2153, 1238, 8469, 4820, 19080, 10815, 43120, 97776, 420, 2800, 19642, 1599, 11053, 6270, 44147, 3556, 24927, 14102, 100104, 56410, 31875, 227590, 128030, 518602, 291186, 1184022, 2708244>
,
<1, 1, 4, 2, 5, 9, 6, 22, 12, 37, 22, 75, 160, 30, 174, 98, 58, 351, 204, 761, 440, 1680, 3745, 268, 1746, 156, 990, 570, 3807, 2174, 1248, 8499, 4840, 19110, 10850, 43155, 97776, 438, 2844, 19693, 1626, 11118, 6312, 44243, 3596, 24990, 14152, 100197, 56480, 31910, 227690, 128100, 518707, 291312, 1184148, 2708244>
,
<2, 2, 7, 3, 8, 15, 7, 32, 17, 49, 30, 96, 200, 38, 203, 115, 72, 380, 231, 798, 480, 1715, 3745, 284, 1687, 171, 975, 582, 3533, 2082, 1241, 7728, 4535, 17095, 9975, 38080, 85302, 438, 2597, 16885, 1530, 9692, 5637, 37240, 3297, 21447, 12419, 83418, 47875, 27625, 187880, 107485, 424823, 242298, 963585, 2191497>
,
<1, 1, 4, 2, 5, 9, 5, 20, 11, 32, 20, 63, 130, 25, 132, 76, 47, 252, 153, 530, 320, 1140, 2485, 188, 1116, 114, 648, 387, 2352, 1386, 824, 5148, 3020, 11390, 6650, 25375, 56826, 291, 1728, 11233, 1017, 6456, 3754, 24818, 2198, 14292, 8276, 55602, 31910, 18405, 125240, 71645, 283192, 161532, 642348, 1460844>
,
<1, 1, 3, 1, 3, 6, 4, 13, 7, 20, 11, 39, 85, 16, 92, 51, 32, 179, 105, 385, 220, 845, 1890, 138, 886, 78, 501, 288, 1913, 1093, 634, 4260, 2430, 9570, 5425, 21595, 48951, 228, 1432, 9882, 822, 5575, 3168, 22147, 1798, 12513, 7086, 50127, 28260, 15990, 113880, 64085, 259406, 145656, 592137, 1354353>
,
<1, 1, 3, 1, 3, 6, 3, 13, 6, 19, 11, 39, 85, 15, 92, 49, 29, 176, 102, 382, 220, 845, 1890, 134, 886, 78, 495, 285, 1904, 1087, 624, 4251, 2420, 9560, 5425, 21595, 48951, 219, 1422, 9882, 813, 5559, 3156, 22122, 1798, 12495, 7076, 50100, 28240, 15955, 113850, 64050, 259371, 145656, 592137, 1354353>
,
<1, 1, 3, 1, 3, 6, 3, 12, 6, 17, 10, 33, 70, 13, 71, 39, 25, 128, 78, 268, 160, 575, 1260, 96, 571, 57, 327, 195, 1181, 696, 417, 2580, 1515, 5705, 3325, 12705, 28476, 150, 869, 5652, 513, 3236, 1883, 12422, 1099, 7155, 4143, 27816, 15965, 9220, 62640, 35840, 141631, 80766, 321237, 730653>
];
