L:=[
<3, 5, 17, 10, 31, 62, 24, 123, 74, 245, 148, 506, 1065, 184, 1053, 626, 376, 2199, 1308, 4674, 2770, 10035, 21714, 1644, 10023, 976, 5886, 3472, 21533, 12620, 7424, 46694, 27290, 101901, 59388, 
223510, 492366, 2600, 16044, 102549, 9400, 59546, 34680, 224375, 20256, 129988, 75504, 493670, 285314, 165312, 1090839, 629020, 2419074, 1391964, 5381418, 12004740>
,
<3, 4, 14, 8, 22, 41, 18, 84, 50, 153, 94, 303, 620, 118, 627, 374, 228, 1251, 754, 2598, 1560, 5490, 11739, 944, 5493, 568, 3246, 1936, 11553, 6832, 4062, 24756, 14590, 53572, 31458, 116753, 255885, 
1460, 8628, 53714, 5100, 31346, 18384, 116417, 10828, 67812, 39642, 254651, 147900, 86184, 560290, 324506, 1238391, 715386, 2747535, 6115626>
,
<3, 3, 13, 6, 17, 32, 14, 75, 40, 127, 76, 256, 535, 98, 567, 322, 192, 1113, 660, 2346, 1390, 5025, 10864, 840, 5133, 496, 2970, 1748, 10807, 6328, 3722, 23374, 13660, 50973, 29708, 111776, 246204, 
1316, 8076, 51639, 4724, 29854, 17376, 112309, 10148, 65048, 37782, 246916, 142702, 82684, 545487, 314552, 1209600, 696024, 2690772, 6002436>
,
<2, 2, 7, 3, 9, 17, 7, 38, 20, 64, 38, 129, 270, 49, 284, 161, 96, 557, 330, 1174, 695, 2515, 5439, 420, 2567, 248, 1485, 874, 5404, 3164, 1861, 11688, 6830, 25489, 14854, 55895, 123123, 658, 4038, 
25820, 2362, 14927, 8688, 56155, 5074, 32524, 18891, 123459, 71351, 41342, 272746, 157276, 604807, 348012, 1345407, 3001284>
,
<3, 3, 12, 6, 15, 26, 13, 60, 33, 94, 58, 178, 355, 75, 384, 222, 136, 708, 430, 1434, 870, 2985, 6314, 542, 3048, 328, 1788, 1074, 6190, 3686, 2211, 13096, 7775, 28108, 16618, 60886, 132804, 818, 
4644, 28259, 2762, 16500, 9732, 60384, 5774, 35342, 20781, 131274, 76594, 44870, 287614, 167272, 633654, 367416, 1402212, 3114474>
,
<2, 3, 10, 5, 16, 32, 13, 65, 38, 124, 74, 254, 535, 93, 536, 315, 190, 1103, 656, 2340, 1385, 5020, 10864, 826, 5037, 488, 2949, 1738, 10776, 6314, 3717, 23354, 13650, 50958, 29694, 111762, 246204, 
1306, 8032, 51345, 4706, 29789, 17348, 112213, 10128, 65006, 37757, 246854, 142667, 82670, 545437, 314524, 1209558, 695982, 2690730, 6002436>
,
<2, 2, 8, 3, 9, 17, 8, 41, 21, 65, 38, 129, 270, 50, 293, 163, 98, 560, 332, 1176, 695, 2515, 5439, 424, 2592, 248, 1491, 876, 5413, 3168, 1866, 11694, 6835, 25494, 14854, 55895, 123123, 664, 4048, 
25890, 2368, 14943, 8696, 56180, 5074, 32536, 18896, 123477, 71361, 41356, 272761, 157290, 604821, 348012, 1345407, 3001284>
,
<2, 2, 7, 3, 8, 14, 7, 32, 17, 48, 29, 90, 180, 38, 197, 112, 69, 356, 216, 719, 435, 1495, 3164, 273, 1537, 164, 897, 538, 3100, 1845, 1108, 6552, 3890, 14059, 8309, 30450, 66423, 412, 2327, 14165, 
1384, 8258, 4870, 30205, 2887, 17677, 10393, 65647, 38302, 22442, 143817, 83643, 316841, 183708, 701127, 1557303>
];
