L:=[
<5, 9, 35, 20, 69, 146, 50, 299, 174, 627, 368, 1354, 2965, 458, 2899, 1680, 
980, 6291, 3652, 13838, 8020, 30665, 68334, 4616, 30495, 2672, 17528, 10108, 
67515, 38776, 22330, 150518, 86310, 337095, 192976, 757638, 1707930, 7436, 
49652, 339085, 28476, 193308, 110448, 760415, 63240, 432920, 246962, 1712166, 
973312, 554380, 3866823, 2195004, 8754858, 4962888, 19864530, 45157860>
,
<3, 5, 19, 10, 35, 74, 26, 153, 88, 315, 184, 678, 1485, 230, 1459, 842, 492, 
3149, 1828, 6922, 4010, 15335, 34174, 2312, 15273, 1336, 8770, 5056, 33767, 
19392, 11170, 75266, 43160, 168555, 96488, 378826, 853986, 3724, 24836, 169613, 
14244, 96670, 55232, 380233, 31620, 216472, 123486, 856102, 486666, 277204, 
1933429, 1097516, 4377450, 2481444, 9932286, 22578996>
,
<3, 5, 17, 10, 31, 62, 24, 125, 74, 249, 148, 518, 1105, 186, 1101, 644, 380, 
2317, 1356, 4986, 2910, 10875, 23954, 1720, 10933, 1004, 6320, 3668, 23793, 
13732, 7952, 52394, 30170, 116285, 66808, 259602, 582246, 2728, 17604, 117631, 
10148, 67292, 38596, 261349, 22194, 149224, 85402, 584498, 333080, 190236, 
1313469, 747124, 2962638, 1682352, 6702822, 15203628>
,
<3, 5, 17, 10, 31, 62, 24, 123, 74, 245, 148, 506, 1065, 184, 1055, 626, 376, 
2203, 1308, 4686, 2770, 10075, 21854, 1646, 10093, 976, 5908, 3476, 21711, 
12680, 7436, 47186, 27470, 103301, 59948, 227514, 503706, 2604, 16158, 104331, 
9436, 60310, 34980, 228989, 20352, 132028, 76340, 505866, 290874, 167712, 
1123263, 644252, 2505118, 1433460, 5608302, 12597948>
,
<3, 5, 17, 10, 31, 62, 24, 123, 74, 245, 148, 506, 1065, 184, 1053, 626, 376, 
2199, 1308, 4674, 2770, 10035, 21714, 1644, 10023, 976, 5886, 3472, 21533, 
12620, 7424, 46694, 27290, 101901, 59388, 223510, 492366, 2600, 16044, 102551, 
9400, 59546, 34680, 224379, 20256, 129988, 75504, 493682, 285314, 165312, 
1090879, 629020, 2419214, 1391964, 5381922, 12006588>
,
<2, 3, 11, 5, 18, 38, 14, 80, 45, 159, 92, 340, 745, 116, 739, 423, 248, 1578, 
916, 3464, 2005, 7670, 17094, 1160, 7662, 668, 4391, 2530, 16893, 9700, 5590, 
37640, 21585, 84285, 48244, 189420, 427014, 1868, 12428, 84877, 7128, 48351, 
27624, 190142, 15810, 108248, 61748, 428070, 243343, 138616, 966732, 548772, 
2188746, 1240722, 4966164, 11289564>
,
<2, 3, 10, 5, 16, 32, 13, 66, 38, 126, 74, 260, 555, 94, 560, 324, 192, 1162, 
680, 2496, 1455, 5440, 11984, 864, 5492, 502, 3166, 1836, 11906, 6870, 3981, 
26204, 15090, 58150, 33404, 129808, 291144, 1370, 8812, 58886, 5080, 33662, 
19306, 130700, 11097, 74624, 42706, 292268, 166550, 95132, 656752, 373576, 
1481340, 841176, 3351432, 7601880>
,
<2, 3, 10, 5, 16, 32, 13, 65, 38, 124, 74, 254, 535, 93, 537, 315, 190, 1105, 
656, 2346, 1385, 5040, 10934, 827, 5072, 488, 2960, 1740, 10865, 6344, 3723, 
23600, 13740, 51658, 29974, 113764, 251874, 1308, 8089, 52236, 4724, 30171, 
17498, 114520, 10176, 66026, 38175, 252952, 145447, 83870, 561649, 322140, 
1252580, 716730, 2804172, 6299040>
,
<2, 3, 10, 5, 16, 32, 13, 65, 38, 124, 74, 254, 535, 93, 536, 315, 190, 1103, 
656, 2340, 1385, 5020, 10864, 826, 5037, 488, 2949, 1738, 10776, 6314, 3717, 
23354, 13650, 50958, 29694, 111762, 246204, 1306, 8032, 51346, 4706, 29789, 
17348, 112215, 10128, 65006, 37757, 246860, 142667, 82670, 545457, 314524, 
1209628, 695982, 2690982, 6003360>
,
<2, 3, 9, 5, 14, 26, 12, 52, 31, 93, 56, 180, 365, 72, 381, 225, 136, 746, 444, 
1528, 905, 3210, 6874, 568, 3322, 336, 1941, 1142, 6919, 4040, 2372, 14768, 
8595, 32015, 18564, 70196, 155274, 872, 5196, 32895, 3032, 18973, 10988, 71258, 
6384, 41000, 23664, 156466, 89757, 51648, 346772, 198380, 773934, 441630, 
1736700, 3914196>
,
<2, 3, 9, 5, 14, 26, 12, 51, 31, 91, 56, 174, 345, 71, 358, 216, 134, 689, 420, 
1378, 835, 2810, 5824, 531, 2902, 322, 1735, 1046, 5878, 3514, 2114, 12164, 
7245, 25523, 15134, 54152, 116004, 810, 4473, 26245, 2676, 15482, 9180, 55078, 
5463, 32402, 19133, 117150, 68654, 40386, 251669, 146944, 545174, 317184, 
1189440, 2611356>
,
<2, 5, 18, 9, 34, 74, 27, 149, 88, 314, 182, 676, 1485, 227, 1450, 839, 494, 
3145, 1828, 6920, 4005, 15330, 34174, 2310, 15247, 1328, 8765, 5050, 33758, 
19386, 11175, 75258, 43160, 168550, 96474, 378812, 853986, 3734, 24824, 169543, 
14246, 96653, 55228, 380207, 31600, 216462, 123471, 856084, 486651, 277218, 
1933409, 1097516, 4377436, 2481402, 9932244, 22578996>
,
<2, 3, 12, 5, 18, 38, 15, 83, 46, 160, 92, 340, 745, 117, 750, 425, 250, 1581, 
918, 3466, 2005, 7670, 17094, 1166, 7697, 668, 4399, 2532, 16904, 9704, 5595, 
37646, 21590, 84290, 48244, 189420, 427014, 1878, 12444, 84989, 7138, 48375, 
27636, 190177, 15810, 108264, 61753, 428092, 243353, 138630, 966747, 548786, 
2188760, 1240722, 4966164, 11289564>
,
<2, 3, 10, 5, 16, 32, 13, 65, 38, 126, 74, 260, 555, 93, 556, 323, 192, 1161, 
680, 2496, 1455, 5440, 11984, 862, 5477, 500, 3163, 1834, 11902, 6868, 3981, 
26202, 15090, 58150, 33404, 129808, 291144, 1370, 8804, 58837, 5078, 33651, 
19302, 130685, 11092, 74618, 42701, 292260, 166545, 95132, 656747, 373576, 
1481340, 841176, 3351432, 7601880>
,
<2, 3, 10, 5, 16, 32, 13, 65, 38, 124, 74, 254, 535, 93, 538, 315, 190, 1105, 
656, 2346, 1385, 5040, 10934, 828, 5077, 488, 2961, 1740, 10866, 6344, 3723, 
23600, 13740, 51658, 29974, 113764, 251874, 1310, 8092, 52257, 4726, 30175, 
17500, 114525, 10176, 66028, 38175, 252954, 145447, 83870, 561649, 322140, 
1252580, 716730, 2804172, 6299040>
,
<2, 3, 10, 5, 16, 32, 13, 65, 38, 124, 74, 254, 535, 93, 536, 315, 190, 1103, 
656, 2340, 1385, 5020, 10864, 826, 5037, 488, 2949, 1738, 10776, 6314, 3717, 
23354, 13650, 50958, 29694, 111762, 246204, 1306, 8032, 51347, 4706, 29789, 
17348, 112215, 10128, 65006, 37757, 246860, 142667, 82670, 545457, 314524, 
1209628, 695982, 2690982, 6003360>
,
<2, 2, 9, 3, 10, 20, 9, 50, 25, 83, 47, 172, 375, 62, 400, 218, 128, 799, 463, 
1739, 1005, 3840, 8554, 594, 3922, 338, 2216, 1273, 8477, 4863, 2805, 18840, 
10805, 42160, 24129, 94724, 213528, 950, 6254, 42712, 3584, 24236, 13840, 95162,
7915, 54165, 30894, 214096, 121704, 69336, 483416, 274421, 1094422, 620382, 
2483124, 5644848>
,
<2, 2, 8, 3, 9, 17, 8, 41, 21, 66, 38, 132, 280, 50, 303, 167, 99, 589, 344, 
1254, 730, 2725, 5999, 442, 2812, 254, 1598, 924, 5976, 3445, 1998, 13118, 7555,
29090, 16709, 64918, 145593, 696, 4434, 29636, 2554, 16874, 9673, 65416, 5556, 
37342, 21368, 146180, 83300, 47587, 328416, 186816, 740712, 420609, 1675758, 
3801006>
,
<2, 2, 8, 3, 9, 17, 8, 41, 21, 65, 38, 129, 270, 50, 294, 163, 98, 561, 332, 
1179, 695, 2525, 5474, 425, 2612, 248, 1497, 877, 5458, 3183, 1869, 11817, 6880,
25844, 14994, 56896, 125958, 666, 4078, 26346, 2378, 15136, 8772, 57336, 5098, 
33047, 19105, 126527, 72751, 41956, 280867, 161098, 626332, 358386, 1402128, 
3149586>
,
<2, 2, 8, 3, 9, 17, 8, 41, 21, 65, 38, 129, 270, 50, 293, 163, 98, 560, 332, 
1176, 695, 2515, 5439, 424, 2592, 248, 1491, 876, 5413, 3168, 1866, 11694, 6835,
25494, 14854, 55895, 123123, 664, 4048, 25891, 2368, 14943, 8696, 56181, 5074, 
32536, 18896, 123480, 71361, 41356, 272771, 157290, 604856, 348012, 1345533, 
3001746>
,
<2, 2, 7, 3, 8, 14, 7, 32, 17, 49, 29, 92, 185, 38, 206, 116, 70, 379, 225, 769,
455, 1610, 3444, 290, 1702, 170, 980, 575, 3475, 2027, 1191, 7396, 4305, 16020, 
9289, 35112, 77658, 442, 2614, 16560, 1524, 9512, 5506, 35670, 3197, 20519, 
11842, 78264, 44896, 25838, 173416, 99211, 387002, 220836, 868392, 1957164>
,
<2, 2, 7, 3, 8, 14, 7, 32, 17, 48, 29, 89, 175, 38, 197, 112, 69, 351, 213, 694,
420, 1410, 2919, 273, 1502, 164, 879, 528, 2957, 1765, 1062, 6095, 3630, 12774, 
7574, 27090, 58023, 412, 2258, 13270, 1348, 7774, 4605, 27590, 2739, 16224, 
9579, 58611, 34347, 20207, 125867, 73493, 272622, 158613, 594762, 1305744>
,
<4, 5, 22, 11, 36, 74, 27, 163, 90, 318, 186, 680, 1485, 235, 1490, 849, 494, 
3159, 1832, 6928, 4015, 15340, 34174, 2326, 15369, 1344, 8791, 5066, 33798, 
19406, 11175, 75286, 43170, 168570, 96502, 378840, 853986, 3734, 24880, 169907, 
14262, 96735, 55260, 380329, 31640, 216514, 123511, 856164, 486701, 277218, 
1933479, 1097544, 4377492, 2481486, 9932328, 22578996>
,
<2, 3, 10, 5, 18, 38, 13, 77, 44, 158, 92, 340, 745, 115, 730, 421, 246, 1575, 
914, 3462, 2005, 7670, 17094, 1156, 7637, 668, 4385, 2528, 16884, 9696, 5585, 
37634, 21580, 84280, 48244, 189420, 427014, 1862, 12418, 84807, 7122, 48335, 
27616, 190117, 15810, 108236, 61743, 428052, 243333, 138602, 966717, 548758, 
2188732, 1240722, 4966164, 11289564>
,
<2, 3, 10, 5, 16, 32, 13, 67, 38, 126, 74, 260, 555, 95, 564, 325, 192, 1163, 
680, 2496, 1455, 5440, 11984, 866, 5507, 504, 3169, 1838, 11910, 6872, 3981, 
26206, 15090, 58150, 33404, 129808, 291144, 1370, 8820, 58937, 5082, 33673, 
19310, 130715, 11102, 74630, 42711, 292276, 166555, 95132, 656757, 373576, 
1481340, 841176, 3351432, 7601880>
,
<3, 3, 14, 6, 19, 38, 15, 90, 47, 162, 94, 342, 745, 121, 770, 430, 250, 1588, 
920, 3470, 2010, 7675, 17094, 1174, 7758, 676, 4412, 2540, 16924, 9714, 5595, 
37660, 21595, 84300, 48258, 189434, 427014, 1878, 12472, 85171, 7146, 48416, 
27652, 190238, 15830, 108290, 61773, 428132, 243378, 138630, 966782, 548800, 
2188788, 1240764, 4966206, 11289564>
,
<2, 2, 8, 3, 10, 20, 8, 47, 24, 82, 47, 172, 375, 61, 390, 216, 126, 796, 461, 
1737, 1005, 3840, 8554, 589, 3892, 338, 2209, 1271, 8467, 4859, 2800, 18834, 
10800, 42155, 24129, 94724, 213528, 942, 6241, 42621, 3576, 24216, 13830, 95132,
7915, 54151, 30889, 214076, 121694, 69322, 483401, 274407, 1094408, 620382, 
2483124, 5644848>
,
<2, 2, 8, 3, 9, 17, 8, 42, 21, 66, 38, 132, 280, 51, 307, 168, 99, 590, 344, 
1254, 730, 2725, 5999, 444, 2827, 256, 1601, 926, 5980, 3447, 1998, 13120, 7555,
29090, 16709, 64918, 145593, 696, 4442, 29686, 2556, 16885, 9677, 65431, 5561, 
37348, 21373, 146188, 83305, 47587, 328421, 186816, 740712, 420609, 1675758, 
3801006>
,
<3, 3, 13, 6, 17, 32, 14, 76, 40, 129, 76, 262, 555, 99, 591, 331, 194, 1172, 
684, 2502, 1460, 5445, 11984, 878, 5588, 510, 3187, 1846, 11937, 6884, 3986, 
26224, 15100, 58165, 33418, 129822, 291144, 1380, 8856, 59180, 5098, 33727, 
19334, 130796, 11117, 74666, 42731, 292330, 166585, 95146, 656802, 373604, 
1481382, 841218, 3351474, 7601880>
,
<3, 3, 13, 6, 17, 32, 14, 75, 40, 127, 76, 256, 535, 98, 568, 322, 192, 1115, 
660, 2352, 1390, 5045, 10934, 841, 5168, 496, 2981, 1750, 10896, 6358, 3728, 
23620, 13750, 51673, 29988, 113778, 251874, 1318, 8133, 52530, 4742, 30236, 
17526, 114616, 10196, 66068, 38200, 253014, 145482, 83884, 561699, 322168, 
1252622, 716772, 2804214, 6299040>
,
<3, 3, 13, 6, 17, 32, 14, 75, 40, 127, 76, 256, 535, 98, 567, 322, 192, 1113, 
660, 2346, 1390, 5025, 10864, 840, 5133, 496, 2970, 1748, 10807, 6328, 3722, 
23374, 13660, 50973, 29708, 111776, 246204, 1316, 8076, 51640, 4724, 29854, 
17376, 112311, 10148, 65048, 37782, 246922, 142702, 82684, 545507, 314552, 
1209670, 696024, 2691024, 6003360>
,
<2, 2, 7, 3, 8, 14, 7, 33, 17, 49, 29, 92, 185, 39, 211, 117, 70, 380, 225, 769,
455, 1610, 3444, 293, 1722, 172, 984, 577, 3480, 2029, 1191, 7398, 4305, 16020, 
9289, 35112, 77658, 444, 2625, 16630, 1528, 9527, 5512, 35690, 3202, 20527, 
11847, 78274, 44901, 25838, 173421, 99211, 387002, 220836, 868392, 1957164>
];
