L:=[
<0, 0, 0, 0, 0, 0, 0, 0, 0, 0, 0, 0, 0, 0, 0, 0, 0, 0, 0, 0, 0, 0, 0>
,
<0, 0, 0, 0, 0, 0, 0, 0, 0, 0, 0, 0, 0, 0, 0, 0, 0, 0, 0, 0, 0, 0, 0>
,
<0, 0, 0, 0, 0, 0, 0, 0, 0, 0, 0, 0, 0, 0, 0, 0, 0, 0, 0, 0, 0, 0, 0>
,
<0, 0, 0, 0, 0, 0, 0, 0, 0, 0, 0, 0, 0, 0, 0, 0, 0, 0, 0, 0, 0, 0, 0>
,
<0, 0, 0, 0, 0, 0, 0, 0, 0, 0, 0, 0, 0, 0, 0, 0, 0, 0, 0, 0, 0, 0, 0>
,
<0, 0, 0, 0, 0, 0, 0, 0, 0, 0, 0, 0, 0, 0, 0, 0, 0, 0, 0, 0, 0, 0, 0>
,
<0, 0, 0, 0, 0, 0, 0, 0, 0, 0, 0, 0, 0, 0, 0, 0, 0, 0, 0, 0, 0, 0, 0>
,
<0, 0, 0, 0, 0, 0, 0, 0, 0, 0, 0, 0, 0, 0, 0, 0, 0, 0, 0, 0, 0, 0, 0>
,
<0, 0, 0, 0, 0, 0, 0, 0, 0, 0, 0, 0, 0, 0, 0, 0, 0, 0, 0, 0, 0, 0, 0>
,
<0, 0, 0, 0, 0, 0, 0, 0, 0, 0, 0, 0, 0, 0, 0, 0, 0, 0, 0, 0, 0, 0, 0>
,
<0, 0, 0, 0, 0, 0, 0, 0, 0, 0, 0, 0, 0, 0, 0, 0, 0, 0, 0, 0, 0, 0, 0>
,
<1/4, 0, 0, 0, 0, 0, 1/4, 0, 0, 0, 0, 0, 1/4, 0, 0, 0, 0, 0, 0, 0, 0, 0, 0>
,
<0, 0, 0, 0, 0, 0, 0, 0, 0, 0, 0, 0, 0, 0, 0, 0, 0, 0, 0, 0, 0, 0, 0>
,
<1/8, 0, 0, 0, 0, 0, 1/8, 0, 0, 0, 0, 0, 1/8, 0, 0, 0, 0, 0, 0, 0, 0, 0, 0>
,
<1/12, 0, 0, 0, 0, 0, 1/12, 0, 0, 0, 0, 0, 1/12, 0, 0, 0, 0, 0, 0, 0, 0, 0, 0>
,
<1/4, 0, 0, 0, 0, 0, 1/4, 0, 0, 0, 0, 0, 1/4, 0, 0, 0, 0, 0, 0, 0, 0, 0, 0>
,
<3/8, 0, 0, 0, 0, 0, 3/8, 0, 0, 0, 0, 0, 3/8, 0, 0, 0, 0, 0, 0, 0, 0, 0, 0>
,
<1/4, 0, 0, 0, 0, 0, 1/4, 0, 0, 0, 0, 0, 1/4, 0, 0, 0, 0, 0, 0, 0, 0, 0, 0>
,
<5/16, 0, 0, 0, 0, 0, 5/16, 0, 0, 0, 0, 0, 5/16, 0, 0, 0, 0, 0, 0, 0, 0, 0, 0>
,
<7/24, 0, 0, 0, 0, 0, 7/24, 0, 0, 0, 0, 0, 7/24, 0, 0, 0, 0, 0, 0, 0, 0, 0, 0>
,
<1/2, 0, 0, 0, 0, 0, 1/2, 0, 0, 0, 0, 0, 1/2, 0, 0, 0, 0, 0, 0, 0, 0, 0, 0>
,
<1/2, 0, 0, 0, 0, 0, 1/2, 0, 0, 0, 0, 0, 1/2, 0, 0, 0, 0, 0, 0, 0, 0, 0, 0>
,
<1/2, 0, 0, 0, 0, 0, 1/2, 0, 0, 0, 0, 0, 1/2, 0, 0, 0, 0, 0, 0, 0, 0, 0, 0>
,
<1/2, 0, 0, 0, 0, 0, 1/2, 0, 0, 0, 0, 0, 1/2, 0, 0, 0, 0, 0, 0, 0, 0, 0, 0>
,
<1/2, 0, 0, 0, 0, 0, 1/2, 0, 0, 0, 0, 0, 1/2, 0, 0, 0, 0, 0, 0, 0, 0, 0, 0>
,
<1/2, 0, 0, 0, 0, 0, 1/2, 0, 0, 0, 0, 0, 1/2, 0, 0, 0, 0, 0, 0, 0, 0, 0, 0>
,
<0, 0, 0, 0, 0, 0, 0, 0, 0, 0, 0, 0, 0, 0, 0, 0, 0, 0, 0, 0, 0, 0, 0>
,
<1/6, 0, 0, 0, 0, 0, 1/6, 0, 0, 0, 0, 0, 1/6, 0, 0, 0, 0, 0, 0, 0, 0, 0, 0>
,
<1/2, 0, 0, 0, 0, 0, 1/2, 0, 0, 0, 0, 0, 1/2, 0, 0, 0, 0, 0, 0, 0, 0, 0, 0>
,
<1/4, 0, 0, 0, 0, 0, 1/4, 0, 0, 0, 0, 0, 1/4, 0, 0, 0, 0, 0, 0, 0, 0, 0, 0>
,
<1/3, 0, 0, 0, 0, 0, 1/3, 0, 0, 0, 0, 0, 1/3, 0, 0, 0, 0, 0, 0, 0, 0, 0, 0>
];
