L:=[
<0, 0, 0, 0, 0, 0, 0, 0, 0, 0, 0, 0, 0, 0, 0, 0, 0, 0, 0, 0, 0, 0, 0>
,
<0, 0, 0, 0, 0, 0, 0, 0, 0, 0, 0, 0, 0, 0, 0, 0, 0, 0, 0, 0, 0, 0, 0>
,
<0, 0, 0, 0, 0, 1/2, 0, 0, 0, 0, 0, 0, 0, 0, 0, 0, 0, 0, 0, 0, 0, 0, 0>
,
<1/2, 0, 0, 0, 0, 1/2, 1/2, 0, 0, 0, 0, 1/2, 1/2, 0, 0, 0, 0, 1/2, 0, 0, 0, 0, 1/2>
,
<0, 0, 0, 0, 0, 0, 0, 0, 0, 0, 0, 0, 0, 0, 0, 0, 0, 0, 0, 0, 0, 0, 0>
,
<1/2, 0, 0, 0, 0, 0, 1/2, 0, 0, 0, 0, 0, 1/2, 0, 0, 0, 0, 0, 0, 0, 0, 0, 0>
,
<2/3, 0, 2/3, 0, 0, 0, 0, 0, 2/3, 0, 0, 0, 0, 0, 0, 0, 0, 0, 0, 0, 0, 0, 0>
,
<0, 0, 0, 1/2, 0, 1/4, 1/2, 0, 0, 0, 0, 0, 0, 0, 0, 1/2, 0, 0, 0, 0, 0, 0, 0>
,
<1/2, 0, 0, 1/2, 0, 1/4, 1/2, 0, 0, 1/2, 0, 0, 1/2, 0, 0, 1/2, 0, 0, 0, 0, 1/2, 0, 0>
,
<0, 0, 0, 0, 0, 1/4, 0, 0, 0, 0, 0, 0, 0, 0, 0, 0, 0, 0, 0, 0, 0, 0, 0>
,
<1/4, 0, 0, 0, 0, 1/2, 1/4, 0, 0, 0, 0, 1/4, 1/4, 0, 0, 0, 0, 1/4, 0, 0, 0, 0, 1/4>
,
<0, 0, 0, 0, 0, 3/4, 0, 0, 0, 0, 0, 0, 0, 0, 0, 0, 0, 0, 0, 0, 0, 0, 0>
,
<1/4, 0, 0, 0, 0, 0, 1/4, 0, 0, 0, 0, 0, 1/4, 0, 0, 0, 0, 0, 0, 0, 0, 0, 0>
,
<0, 0, 0, 0, 0, 1/4, 0, 0, 0, 0, 0, 0, 0, 0, 0, 0, 0, 0, 0, 0, 0, 0, 0>
,
<1/2, 0, 0, 0, 0, 1/4, 1/2, 0, 0, 0, 0, 0, 1/2, 0, 0, 0, 0, 0, 0, 0, 0, 0, 0>
,
<1/2, 0, 0, 0, 0, 1/4, 1/2, 0, 0, 0, 0, 1/4, 1/2, 0, 0, 0, 0, 1/4, 0, 0, 0, 0, 1/4>
,
<5/6, 0, 2/3, 0, 0, 1/6, 1/2, 0, 2/3, 0, 0, 1/6, 1/2, 0, 1/3, 0, 0, 1/6, 0, 1/3, 0, 0, 1/6>
,
<1/3, 0, 1/3, 0, 0, 0, 0, 0, 1/3, 0, 0, 0, 0, 0, 0, 0, 0, 0, 0, 0, 0, 0, 0>
,
<5/6, 0, 1/3, 0, 0, 0, 1/2, 0, 1/3, 0, 0, 0, 1/2, 0, 0, 0, 0, 0, 0, 0, 0, 0, 0>
,
<3/8, 0, 0, 1/2, 0, 1/4, 5/8, 0, 0, 1/4, 0, 1/8, 3/8, 0, 0, 1/2, 0, 1/8, 0, 0, 1/4, 0, 1/8>
,
<1/8, 0, 0, 0, 0, 1/2, 1/8, 0, 0, 0, 0, 1/8, 1/8, 0, 0, 0, 0, 1/8, 0, 0, 0, 0, 1/8>
,
<3/8, 0, 0, 0, 0, 1/4, 3/8, 0, 0, 0, 0, 1/8, 3/8, 0, 0, 0, 0, 1/8, 0, 0, 0, 0, 1/8>
,
<0, 0, 0, 1/4, 0, 1/8, 1/4, 0, 0, 0, 0, 0, 0, 0, 0, 1/4, 0, 0, 0, 0, 0, 0, 0>
,
<1/4, 0, 0, 1/4, 0, 3/8, 1/4, 0, 0, 1/4, 0, 0, 1/4, 0, 0, 1/4, 0, 0, 0, 0, 1/4, 0, 0>
,
<1/2, 0, 0, 1/4, 0, 1/8, 1/2, 0, 0, 1/4, 0, 0, 1/2, 0, 0, 1/4, 0, 0, 0, 0, 1/4, 0, 0>
,
<1/4, 0, 0, 1/4, 0, 3/8, 1/2, 0, 0, 0, 0, 0, 1/4, 0, 0, 1/4, 0, 0, 0, 0, 0, 0, 0>
,
<2/3, 0, 1/3, 0, 0, 1/12, 1/2, 0, 1/3, 0, 0, 1/12, 1/2, 0, 1/6, 0, 0, 1/12, 0, 1/6, 0, 0, 1/12>
,
<2/3, 0, 2/3, 0, 0, 1/4, 0, 0, 2/3, 0, 0, 0, 0, 0, 0, 0, 0, 0, 0, 0, 0, 0, 0>
,
<5/16, 0, 0, 1/4, 0, 1/4, 7/16, 0, 0, 1/8, 0, 1/16, 5/16, 0, 0, 1/4, 0, 1/16, 0, 0, 1/8, 0, 1/16>
,
<17/24, 0, 2/3, 0, 0, 1/6, 3/8, 0, 2/3, 0, 0, 1/24, 3/8, 0, 1/3, 0, 0, 1/24, 0, 1/3, 0, 0, 1/24>
,
<7/12, 0, 1/3, 1/4, 0, 1/8, 1/4, 0, 1/3, 1/4, 0, 0, 1/4, 0, 0, 1/4, 0, 0, 0, 0, 1/4, 0, 0>
,
<7/12, 0, 1/3, 1/4, 0, 1/8, 1/2, 0, 1/3, 0, 0, 0, 1/4, 0, 0, 1/4, 0, 0, 0, 0, 0, 0, 0>
,
<29/48, 0, 1/3, 1/4, 0, 1/12, 9/16, 0, 1/3, 1/8, 0, 1/48, 7/16, 0, 1/6, 1/4, 0, 1/48, 0, 1/6, 1/8, 0, 1/48>
];
